       0
       0
       0
       0
       0
       0
       0
       0
       0
       0
       0
       0
       0
       0
       0
     108
     417
     360
     407
     372
     392
     424
     360
     343
     353
     334
     349
     305
     330
     298
     372
     310
     330
     325
     283
     320
     305
     289
     283
     308
     318
     269
     302
     320
     294
     327
     332
     383
     575
     836
     911
     836
     378
     313
     300
     335
     417
     419
     411
     311
     295
     257
     259
     223
     213
     222
     269
     226
     251
     244
     264
     218
     247
     263
     229
     265
     252
     240
     235
     241
     252
     266
     225
     246
     242
     266
     248
     249
     250
     229
     257
     244
     256
     283
     249
     229
     231
     235
     193
     218
     220
     233
     220
     220
     200
     207
     224
     215
     223
     226
     218
     195
     226
     195
     179
     189
     226
     188
     185
     193
     179
     185
     198
     248
     204
     170
     190
     161
     170
     167
     185
     177
     191
     173
     183
     156
     169
     176
     167
     168
     138
     151
     137
     123
     155
     134
     139
     166
     147
     141
     149
     132
     134
     141
     139
     153
     183
     171
     272
     171
     192
     169
      98
     132
     113
     144
     123
     116
     115
     110
     146
     106
     105
     109
     120
     109
     121
      94
     106
     115
      91
     100
      94
     107
     119
      92
      87
     109
      79
     105
      96
      93
     106
     125
     104
     114
     157
      99
      93
     104
      68
      69
      72
      73
      86
      96
      96
      86
      75
      68
      69
      72
      91
      74
      78
      71
      73
      70
      89
      60
      62
      70
      82
      79
      80
      85
      68
      71
      73
      89
      99
      97
      73
     143
     146
      70
      61
      61
      54
      75
      59
      74
      69
      52
      52
      55
      63
      48
      59
      80
      76
      63
      63
      51
      71
      50
      52
      52
      60
      56
      61
      56
      67
      59
      69
      63
      46
      34
      62
      53
      66
      60
      53
      41
      52
      52
      46
      55
      55
      55
      48
      48
      41
      48
      48
      42
      43
      61
      46
      44
      63
      52
      61
      48
      52
      43
      36
      54
      44
      49
      52
      54
      48
      33
      45
      47
      32
      38
      38
      52
      49
      46
      42
      49
      31
      42
      34
      38
      31
      30
      44
      36
      53
      34
      43
      34
      39
      38
      32
      33
      35
      45
      43
      49
      49
      34
      45
      47
      51
      65
      51
      44
      30
      33
      34
      43
      29
      37
      32
      37
      40
      38
      34
      31
      32
      31
      39
      28
      32
      35
      31
      27
      27
      41
      26
      46
      37
      32
      34
      44
      29
      38
      30
      24
      25
      34
      35
      30
      31
      35
      33
      47
      35
      36
      35
      34
      35
      60
      42
      38
      30
      34
      35
      27
      32
      40
      44
      36
      42
      37
      58
      27
      25
      33
      72
      69
      27
      33
      19
      17
      38
      29
      22
      24
      31
      22
      36
      24
      32
      24
      24
      36
      32
      21
      27
      31
      31
      26
      22
      27
      21
      28
      34
      30
      29
      30
      18
      18
      18
      35
      30
      34
      24
      24
      34
      17
      21
      18
      20
      28
      23
      15
      18
      23
      26
      32
      23
      26
      27
      30
      30
      34
      35
      22
      23
      19
      16
      25
      19
      15
      22
      19
      25
      33
      18
      16
      24
      20
      28
      24
      23
      30
      30
      24
      20
      20
      22
      21
      22
      21
      25
      16
      26
      17
      26
      17
      24
      19
      20
      21
      24
      24
      22
      18
      30
      25
      21
      22
      26
      18
      15
      17
      21
      16
      27
      23
      22
      21
      18
      14
      21
      24
      18
      22
      23
      14
      19
      21
      25
      16
      18
      15
      14
      14
      21
      21
      24
      17
      17
      14
      19
      19
      19
      15
      30
      18
      15
      11
      17
      22
      18
      11
      20
      23
      15
      20
      18
      24
      14
      24
      18
      22
      19
      20
      21
      14
      16
      17
      11
      22
      15
      28
      20
      17
      18
      14
      18
      21
      13
      14
      17
      19
      16
      20
      23
      21
      18
      11
      14
       7
      19
      24
      24
      18
      21
      16
      18
      18
      19
      17
      17
      13
      20
      20
      26
      21
      22
      21
      17
      15
      14
      13
      14
      17
      17
      17
      20
      12
      16
      12
      21
      14
      13
      14
      16
      15
      16
      15
      13
      15
      17
      22
      17
      17
      21
      21
      14
      13
      20
      20
       9
      17
      18
      13
      18
      21
      14
      12
      23
      16
      17
      10
      14
      18
       9
      17
      12
      16
      21
      17
       8
      10
      16
      16
      17
      15
      19
      19
       6
      23
      11
      12
      16
      11
      12
      16
      12
      12
       5
      16
      10
      19
       9
       8
      12
       9
      14
      17
       8
      10
      15
      13
      10
      16
       7
      10
      11
       9
       8
      12
       8
       9
      11
      13
      14
      14
      14
      12
       9
      15
       9
      17
      11
      15
      11
      11
       8
      15
      11
      14
      14
      21
      10
      13
      23
       8
      10
      13
      15
      17
      18
      16
      15
      11
      13
      22
      11
      16
      15
      10
      12
      13
      15
      19
      21
      10
      11
      11
      14
      14
      11
      15
      10
      13
      15
       9
      13
      14
       9
       7
      11
      13
      13
      15
      17
       9
      11
      19
      13
      14
      13
      15
      12
      11
      11
      16
      13
      14
       8
      11
       7
      12
      11
       5
      11
      11
      12
      16
      16
      15
      14
       7
       9
      16
      10
      12
       7
      11
      10
      11
      15
      13
      10
      11
      11
      11
      22
      16
       9
      10
      11
      17
      15
      12
       9
      18
      12
      10
       9
      15
       8
      20
      16
      22
       6
      12
      13
       7
      16
       6
       9
      10
      11
      11
      10
       7
      12
       8
       8
       7
       7
      10
       4
       9
       3
       8
       6
       6
       6
       7
       7
       7
      10
      11
      11
      12
      11
      15
       9
       5
       4
       8
       7
      15
       9
       4
      10
      10
       6
       6
       6
       7
       6
       4
      16
       3
      19
       3
      15
       5
       6
      11
      11
       6
       7
       7
       4
       4
       4
       2
      11
       6
       6
       7
       5
       7
       9
       6
       3
       4
       9
       5
       5
      12
       6
       2
       8
       9
       5
       3
       8
       2
       8
       6
       8
       9
       7
      11
      10
       8
       7
       3
       5
       5
       3
       7
       8
       7
       5
       6
       5
       8
      10
       4
       5
       2
      10
       4
      12
       1
       5
       8
       6
       7
       3
       4
       5
       6
       1
       5
       5
      15
       6
       6
      14
       9
       8
       6
      10
       8
       9
       6
       9
       9
       6
       8
       9
      10
      15
      32
      31
      23
      13
       4
       5
       5
       9
       6
       4
       7
       5
       6
       3
       9
       5
       7
       7
       4
       3
       5
       4
       5
       3
       4
       4
       6
       5
       6
       4
       9
       4
       3
       6
       6
       5
       5
       8
       4
      15
       7
       6
       2
       5
       2
       4
       5
       2
       1
       4
       3
       5
       7
       4
       3
       6
       5
       6
       5
       5
       7
       7
       3
       2
       4
       5
       6
       3
       5
       7
       3
       4
       6
       4
       4
       5
      12
       4
       3
       5
       5
       7
       3
       3
       7
       3
       4
       7
      11
      10
       9
       1
       2
       5
       5
       4
       2
       3
       5
       3
       7
       4
       2
       4
       3
       1
       5
       3
       5
       1
       4
       3
       4
       3
       5
       6
       7
       1
       2
       2
       2
       6
       5
       5
       4
       5
       4
       3
       5
       4
       1
       4
       3
       5
       3
       3
       4
       3
       3
       0
       3
       0
       2
       4
       2
       2
       2
       3
       2
       2
       7
       1
       3
       4
       6
       2
       0
       4
      12
       7
       4
       0
       4
       5
       3
       3
       4
       4
       1
       6
       4
       4
       1
       4
       3
       3
       3
       4
       2
       2
       4
       4
       3
       2
       2
       3
       3
       3
       1
       6
       2
       2
       2
       1
       1
       3
       4
       4
       5
       4
       4
       1
       8
      12
       8
       3
       4
       1
       2
       4
       7
       4
       4
       4
       2
       3
       4
       2
       4
       4
       2
       4
       2
       3
       2
       4
       2
       4
       2
       3
       4
       3
       1
       1
       2
       1
       1
       6
       4
       3
       4
       2
       2
       4
       0
       2
       2
       2
       4
       4
       3
       3
       6
       1
       1
       3
       1
       5
       2
       2
       3
       4
       7
       7
       2
       4
       3
       0
       6
       4
       1
       4
       3
       8
       3
       3
       3
       2
       2
       3
       2
       5
       3
       4
       0
       1
       5
       2
       4
       3
       2
       1
       1
       0
       2
       4
       4
       1
       5
       1
       3
       4
       3
       0
       1
       3
       3
       6
       1
       3
       2
       1
       1
       1
       3
       1
       5
       1
       3
       3
       1
       3
       3
       5
       4
       4
       2
       2
       0
       1
       4
       2
       2
       6
       5
       4
       4
       5
       3
       0
       2
       1
       3
       0
       1
       0
       3
       1
       4
       2
       4
       1
       3
       1
       3
       1
       4
       7
       0
       3
       2
       2
       3
       5
       2
       4
       2
       2
       3
       4
       5
       3
       3
       3
       5
       0
       4
       3
       1
       3
       1
       4
       1
       3
       2
       2
       1
       1
       3
       1
       2
       3
       1
       2
       1
       1
       1
       5
       5
       8
       3
       2
       0
       0
       0
       5
       1
       3
       2
       0
       3
       3
       0
       6
       1
       1
       3
       2
       1
       3
       3
       1
       3
       2
       3
       1
       3
       2
       1
       2
       1
       7
       1
       2
       4
       2
       1
       2
       0
       0
       0
       0
       1
       1
       0
       2
       2
       1
       2
       1
       5
       4
       0
       0
       3
       2
       2
       2
       3
       2
       5
       1
       4
       4
       2
       2
       4
       6
       2
       3
       2
       2
       4
       6
       4
       2
       4
       3
       4
       1
       5
       2
       1
       1
       4
       2
       1
       4
       3
       3
       6
       2
       2
       1
       4
       3
       1
       2
       0
       2
       4
       2
       1
       2
       0
       0
       1
       2
       6
       2
       2
       2
       1
       1
       3
       1
       3
       3
       3
       1
       0
       1
       1
       6
       3
       2
       2
       0
       0
       4
       6
       1
       0
       3
       1
       0
       3
       3
       0
       3
       2
       2
       4
       0
       2
       2
       2
       1
       1
       2
       0
       3
       2
       1
       2
       3
       3
       2
       1
       2
       3
       2
       4
       3
       3
       2
       2
       1
       2
       2
       4
       1
       1
       8
       2
       4
       4
       3
       0
       2
       3
       3
       3
       1
       2
       2
       1
       4
       1
       0
       3
       1
       2
       0
       2
       2
       0
       0
       3
       1
       2
       0
       1
       1
       0
       4
       5
       3
       1
       2
       0
       1
       1
       1
       1
       2
       0
       2
       2
       1
       2
       0
       1
       1
       1
       1
       2
       2
       1
       1
       1
       2
       0
       1
       0
       2
       2
       2
       0
       0
       2
       2
       1
       0
       3
       3
       3
       2
       0
       3
       0
       5
       2
       1
       0
       2
       1
       2
       2
       0
       1
       2
       1
       1
       2
       0
       3
       1
       1
       0
       1
       0
       1
       1
       0
       1
       0
       1
       0
       0
       2
       0
       1
       1
       1
       1
       1
       1
       2
       2
       1
       1
       1
       2
       2
       1
       2
       1
       0
       4
       0
       1
       1
       3
       1
       1
       0
       2
       3
       0
       0
       0
       1
       0
       1
       3
       1
       1
       1
       0
       0
       3
       0
       1
       1
       1
       1
       0
       1
       0
       2
       1
       0
       2
       3
       1
       3
       1
       0
       2
       0
       1
       1
       1
       0
       2
       2
       1
       2
       0
       1
       1
       2
       0
       1
       1
       2
       2
       1
       0
       0
       2
       2
       4
       1
       1
       1
       2
       7
       4
       0
       1
       3
       0
       0
       1
       1
       0
       0
       0
       0
       0
       0
       0
       3
       1
       0
       0
       0
       0
       1
       0
       0
       0
       0
       3
       0
       2
       0
       0
       1
       0
       2
       0
       2
       2
       2
       0
       1
       1
       0
       0
       2
       0
       2
       2
       0
       2
       0
       0
       1
       3
       0
       3
       0
       1
       0
       0
       0
       2
       0
       0
       0
       0
       0
       1
       0
       0
       0
       1
       0
       1
       1
       3
       1
       1
       0
       1
       0
       1
       0
       4
       2
       2
       2
       1
       1
       0
       0
       1
       1
       0
       0
       0
       1
       0
       0
       1
       2
       1
       2
       1
       1
       0
       1
       2
       1
       0
       2
       0
       0
       1
       1
       2
       0
       0
       0
       0
       0
       1
       1
       1
       3
       0
       0
       2
       0
       0
       1
       0
       0
       1
       0
       0
       0
       1
       0
       1
       0
       1
       0
       0
       0
       2
       1
       0
       1
       1
       1
       0
       1
       1
       0
       2
       1
       3
       0
       0
       2
       0
       0
       0
       2
       1
       1
       0
       0
       1
       0
       1
       0
       1
       0
       2
       0
       0
       2
       1
       1
       1
       0
       4
       1
       1
       1
       1
       1
       3
       0
       2
       2
       0
       1
       0
       1
       1
       0
       0
       1
       1
       0
       0
       0
       0
       0
       1
       0
       0
       3
       2
       1
       0
       0
       1
       1
       1
       1
       0
       0
       1
       2
       2
       0
       2
       0
       1
       2
       1
       0
       0
       0
       0
       0
       1
       0
       0
       0
       1
       0
       5
       0
       0
       1
       2
       0
       1
       3
       2
       1
       2
       2
       1
       0
       1
       0
       0
       0
       1
       0
       0
       0
       2
       0
       1
       0
       1
       2
       0
       1
       0
       0
       0
       1
       0
       1
       0
       1
       0
       0
       0
       0
       0
       0
       0
       0
       0
       0
       0
       0
       0
       0
       0
       0
       0
       0
       0
       0
       0
       0
       0
       0
       0
       0
       0
       0
       0
       0
       0
       0