       0
       0
       0
       0
       0
       0
       0
       0
       0
       0
       0
       0
       0
       0
       0
      15
      46
      52
      41
      43
      28
      39
      56
      29
      32
      48
      45
      38
      21
      36
      46
      25
      46
      33
      46
      40
      33
      30
      29
      35
      34
      46
      34
      42
      29
      29
      33
      39
      45
      77
      58
      38
      30
      25
      27
      30
      39
      40
      30
      30
      22
      38
      29
      31
      32
      25
      27
      29
      35
      29
      37
      24
      35
      31
      31
      28
      24
      37
      27
      33
      23
      35
      34
      25
      26
      21
      37
      33
      36
      31
      40
      39
      25
      30
      29
      28
      35
      36
      28
      27
      15
      33
      30
      29
      31
      26
      22
      18
      26
      27
      31
      26
      24
      24
      22
      25
      24
      28
      32
      21
      30
      24
      27
      19
      24
      20
      20
      22
      17
      19
      16
      26
      29
      24
      25
      19
      19
      23
      15
      14
      12
      24
      17
      22
      21
      12
      23
      14
      14
      11
      14
      13
      19
      21
      11
      15
      15
      18
      14
      22
      17
      12
      20
      12
      13
      14
       8
      14
       8
      15
      17
      11
      17
      18
      16
      10
       9
       9
       9
       6
      10
      16
      11
      10
      13
       8
      13
      16
      10
      10
       9
       8
      15
      11
      19
      15
      11
      12
       7
      13
       9
      10
      14
      15
      14
       8
       8
      13
      13
       8
      11
      12
      11
      15
      10
       8
       7
      13
       4
       9
      15
       7
      13
       4
       7
      10
       6
      16
      10
      10
       5
      10
       8
       7
       8
      10
       8
      10
       6
       9
      11
       4
       9
       7
       7
      10
       8
       8
       4
       8
      10
       4
       7
       8
       9
       5
       6
       7
       8
       8
       4
      13
       3
       3
       5
       9
      10
       6
       5
      13
       5
       6
       9
       8
      10
       3
       4
      10
       6
       5
      11
       4
       3
       5
       6
       6
       2
       3
       4
       4
       8
       4
       3
       9
       2
       6
       6
       4
       6
       3
       4
       5
       4
       3
       5
       7
      12
      10
       7
       4
       3
       6
       8
       7
       8
       3
       4
       6
       2
       9
       7
       6
       6
       7
       4
       4
       5
       8
       2
       7
       6
       3
       4
       4
       6
       6
       5
       5
       5
      17
       5
       9
       1
       4
       5
       8
       7
       7
       2
       6
       5
       5
       3
       4
       4
       7
       6
       3
       5
       2
       4
       1
       7
       3
       1
       6
       3
       4
       5
       4
       9
       3
       5
       3
       5
       8
       7
       6
       2
       1
       3
       2
       5
       6
       5
       2
       3
       4
       7
       5
       4
       6
       4
       2
       2
       1
       2
       6
       1
       1
       2
       1
       4
       5
       7
       2
       1
       1
       5
       5
       5
       4
       5
       4
       2
       3
       5
       7
       1
       7
       4
       4
       8
       5
       2
       4
       5
       6
       4
       1
       2
       3
       2
       1
       4
       3
       3
       4
       5
       4
       5
       4
       6
       1
       2
       4
       0
       3
       1
       4
       2
       4
       2
       4
       4
       6
       5
       3
       2
       4
       4
       3
       3
       3
       2
       3
       3
       1
       6
       4
       3
       1
       6
       2
       3
       4
       2
       5
       1
       2
       5
       1
       3
       1
       2
       4
       1
       2
       3
       2
       3
       5
       4
       3
       3
       1
       3
       6
       5
       3
       5
       5
       3
       3
       5
       2
       6
       4
       3
       1
       1
       3
       5
       2
       5
       2
       3
       5
       4
       2
       1
       3
       2
       2
       3
       1
       0
       5
       3
       2
       1
       3
       0
       2
       4
       4
       3
       5
       1
       2
       1
       1
       4
       3
       4
       8
       2
       0
       1
       1
       3
       1
       2
       4
       3
       3
       5
       4
       3
       3
       3
       4
       5
       1
       4
       2
       2
       5
       0
       2
       2
       0
       3
       2
       2
       3
       1
       2
       4
       1
       1
       1
       1
       1
       4
       2
       6
       3
       3
       1
       2
       1
       4
       5
       0
       3
       0
       2
       2
       1
       3
       2
       4
       1
       3
       4
       2
       2
       6
       1
       1
       4
       2
       1
       2
       1
       5
       2
       0
       4
       2
       4
       3
       1
       2
       2
       2
       3
       2
       5
       4
       2
       1
       1
       4
       1
       1
       4
       2
       2
       4
       2
       2
       3
       1
       2
       0
       2
       4
       1
       1
       1
       0
       3
       0
       3
       0
       1
       3
       1
       2
       1
       0
       1
       3
       2
       2
       0
       2
       0
       3
       2
       2
       2
       2
       0
       0
       2
       3
       1
       4
       1
       1
       1
       1
       0
       2
       3
       1
       3
       0
       1
       2
       1
       0
       0
       1
       1
       2
       2
       3
       5
       0
       0
       2
       0
       3
       2
       2
       0
       0
       2
       4
       1
       0
       1
       4
       2
       1
       1
       1
       0
       3
       4
       1
       2
       2
       1
       2
       1
       1
       3
       1
       1
       1
       0
       2
       0
       1
       1
       1
       1
       2
       3
       2
       5
       1
       7
       3
       1
       1
       3
       1
       1
       1
       1
       2
       1
       1
       3
       1
       1
       0
       2
       1
       2
       2
       1
       0
       1
       3
       3
       0
       3
       0
       2
       1
       4
       0
       2
       0
       3
       1
       1
       1
       2
       0
       3
       1
       0
       4
       2
       1
       0
       1
       2
       2
       1
       0
       2
       5
       1
       4
       0
       1
       1
       0
       2
       2
       2
       1
       0
       1
       1
       2
       3
       0
       3
       0
       0
       1
       2
       3
       0
       1
       0
       1
       3
       4
       0
       1
       1
       2
       1
       1
       1
       0
       3
       1
       3
       2
       1
       1
       0
       2
       1
       2
       0
       1
       1
       0
       0
       0
       1
       2
       0
       1
       0
       0
       0
       2
       1
       0
       0
       0
       0
       1
       2
       0
       0
       1
       0
       1
       0
       0
       1
       0
       0
       0
       1
       0
       1
       2
       1
       1
       0
       1
       1
       1
       1
       1
       2
       0
       1
       0
       0
       0
       2
       2
       3
       0
       0
       0
       1
       1
       1
       1
       4
       0
       1
       1
       0
       1
       1
       1
       1
       1
       0
       2
       1
       0
       0
       1
       2
       0
       2
       1
       2
       1
       0
       2
       2
       2
       1
       1
       0
       2
       0
       0
       0
       0
       1
       1
       1
       0
       5
       0
       1
       1
       0
       0
       0
       0
       1
       0
       1
       0
       0
       0
       1
       0
       0
       0
       0
       3
       3
       4
       1
       4
       3
       5
       0
       0
       0
       0
       0
       0
       1
       0
       1
       0
       0
       2
       0
       1
       1
       2
       1
       1
       1
       0
       1
       1
       0
       2
       1
       1
       0
       0
       0
       0
       2
       3
       1
       1
       1
       1
       2
       2
       0
       2
       0
       0
       0
       1
       2
       1
       0
       1
       1
       1
       1
       1
       0
       1
       0
       0
       0
       0
       0
       0
       0
       0
       1
       0
       0
       1
       1
       0
       0
       3
       1
       0
       0
       1
       1
       1
       1
       0
       0
       0
       1
       2
       1
       0
       1
       3
       5
       0
       0
       0
       0
       0
       2
       0
       0
       0
       0
       0
       0
       0
       1
       0
       1
       0
       1
       0
       3
       0
       0
       0
       1
       0
       0
       0
       0
       1
       1
       0
       1
       0
       0
       0
       1
       1
       1
       2
       0
       1
       3
       0
       2
       1
       0
       0
       1
       0
       1
       0
       1
       0
       0
       0
       0
       0
       0
       1
       0
       1
       0
       1
       0
       2
       0
       0
       0
       0
       0
       0
       2
       0
       0
       0
       2
       0
       1
       1
       1
       0
       0
       0
       1
       0
       0
       0
       0
       0
       3
       0
       1
       0
       0
       0
       0
       0
       0
       0
       0
       0
       0
       0
       0
       0
       0
       0
       1
       0
       0
       1
       0
       1
       0
       0
       1
       0
       0
       0
       0
       0
       0
       0
       0
       1
       1
       0
       1
       1
       0
       0
       0
       0
       0
       0
       1
       0
       0
       1
       0
       0
       0
       1
       0
       0
       0
       0
       1
       0
       0
       1
       0
       0
       1
       2
       0
       0
       0
       0
       1
       1
       0
       0
       0
       1
       0
       1
       1
       0
       0
       0
       1
       1
       0
       0
       1
       1
       1
       1
       1
       0
       0
       0
       1
       2
       0
       0
       0
       0
       1
       0
       0
       1
       1
       0
       0
       0
       1
       0
       0
       0
       0
       0
       1
       0
       1
       0
       0
       0
       0
       0
       0
       0
       0
       1
       0
       0
       1
       0
       0
       0
       0
       1
       0
       1
       0
       0
       0
       0
       1
       1
       0
       0
       2
       0
       0
       1
       0
       0
       0
       0
       1
       1
       0
       0
       1
       0
       2
       1
       0
       0
       0
       0
       0
       1
       1
       0
       0
       0
       0
       0
       0
       0
       1
       0
       1
       0
       0
       1
       1
       0
       0
       0
       0
       1
       0
       1
       0
       0
       0
       2
       1
       0
       0
       1
       0
       0
       0
       0
       1
       0
       0
       0
       0
       0
       0
       0
       1
       0
       0
       0
       1
       0
       1
       0
       0
       0
       0
       0
       0
       0
       1
       0
       1
       1
       1
       1
       0
       0
       0
       0
       0
       0
       0
       1
       0
       0
       1
       0
       0
       1
       0
       2
       0
       0
       1
       0
       0
       0
       0
       0
       0
       0
       0
       0
       0
       0
       0
       0
       0
       0
       0
       0
       0
       0
       2
       0
       1
       0
       0
       0
       0
       0
       0
       0
       0
       1
       2
       1
       1
       0
       1
       1
       1
       0
       1
       1
       0
       0
       0
       0
       1
       0
       0
       1
       0
       0
       0
       0
       1
       0
       0
       0
       0
       0
       1
       1
       0
       0
       0
       0
       1
       0
       1
       0
       0
       0
       0
       0
       2
       0
       0
       0
       0
       0
       1
       0
       1
       0
       1
       0
       0
       0
       0
       1
       0
       0
       0
       1
       0
       0
       0
       0
       0
       0
       0
       0
       0
       0
       0
       0
       0
       1
       0
       0
       0
       1
       1
       0
       0
       1
       0
       0
       0
       0
       0
       0
       0
       2
       0
       0
       0
       1
       0
       0
       0
       0
       0
       0
       0
       2
       0
       0
       0
       0
       0
       0
       0
       0
       1
       1
       0
       0
       0
       0
       0
       1
       0
       0
       0
       1
       0
       0
       0
       0
       0
       0
       0
       0
       1
       0
       1
       0
       0
       0
       0
       0
       1
       0
       1
       0
       0
       2
       0
       1
       1
       0
       0
       1
       1
       0
       0
       0
       0
       0
       0
       0
       0
       0
       0
       0
       0
       1
       0
       1
       1
       0
       0
       0
       0
       0
       0
       0
       0
       0
       1
       1
       0
       1
       2
       0
       0
       0
       0
       0
       0
       0
       0
       0
       0
       0
       0
       0
       0
       1
       0
       1
       0
       1
       1
       1
       0
       0
       0
       0
       0
       0
       1
       0
       1
       0
       0
       1
       0
       1
       0
       0
       0
       0
       0
       0
       0
       0
       0
       1
       0
       1
       0
       1
       0
       0
       0
       0
       0
       1
       1
       1
       0
       0
       0
       0
       0
       2
       1
       0
       0
       0
       0
       0
       0
       0
       1
       0
       0
       0
       1
       0
       0
       0
       0
       0
       0
       1
       0
       1
       0
       1
       0
       0
       0
       0
       0
       1
       0
       0
       0
       0
       0
       1
       0
       0
       0
       0
       0
       1
       1
       0
       1
       1
       0
       1
       0
       0
       0
       0
       0
       0
       0
       0
       0
       0
       0
       0
       0
       0
       0
       1
       1
       1
       1
       0
       0
       0
       0
       0
       0
       0
       0
       0
       0
       0
       0
       0
       0
       0
       0
       0
       0
       0
       0
       0
       0
       0
       0
       0
       0
       0
       0
       0
       0
       1
       0
       0
       0
       0
       0
       0
       0
       0
       0
       0
       0
       0
       0
       0
       0
       0
       0
       1
       0
       0
       0
       0
       0
       0
       1
       0
       1
       0
       0
       0
       0
       0
       0
       0
       0
       0
       0
       0
       0
       0
       0
       0
       0
       0
       0
       0
       0
       0
       0
       0
       0
       0
       1
       0
       1
       0
       0
       0
       1
       0
       0
       0
       0
       1
       1
       0
       0
       0
       0
       0
       0
       1
       0
       0
       0
       0
       0
       0
       1
       0
       0
       0
       0
       1
       0
       0
       0
       0
       0
       0
       0
       0
       0
       0
       0
       0
       0
       0
       0
       0
       0
       1
       0
       1
       0
       0
       0
       0
       0
       0
       0
       0
       0
       0
       0
       2
       0
       0
       0
       0
       0
       1
       1
       0
       0
       0
       0
       0
       0
       0
       0
       1
       0
       0
       0
       0
       0
       0
       0
       0
       0
       0
       0
       0
       0
       0
       0
       0
       0
       0
       0
       0
       0
       0
       0
       1
       0
       0
       0
       0
       0
       0
       0
       0
       0
       0
       0
       0
       1
       0
       0
       0
       0
       1
       1
       1
       0
       0
       0
       0
       0
       0
       1
       0
       0
       0
       0
       0
       0
       0
       0
       1
       0
       0
       0
       0
       0
       0
       0
       0
       0
       0
       1
       0
       0
       1
       0
       0
       0
       0
       1
       1
       1
       0
       0
       2
       0
       0
       0
       0
       0
       0
       0
       0
       0
       0
       0
       0
       0
       1
       0
       0
       0
       0
       0
       0
       0
       0
       0
       0
       0
       0
       0
       0
       0
       0
       1
       0
       0
       0
       0
       0
       0
       0
       0
       0
       0
       0
       0
       0
       0
       0
       0
       0
       0
       0
       0
       0
       0
       0
       0
       0
       0
       0
       0
       0
       0
       0
       0