       0
       0
       0
       0
       0
       0
       0
       0
       0
       0
       0
       0
       0
       0
       0
    3001
    9308
   10015
   11414
   16099
   46053
   80676
   18723
   16016
   22911
    8531
    5212
    5046
    4983
    5030
    5065
    4948
    4832
    4678
    4762
    4541
    4617
    4568
    4429
    4459
    4412
    4298
    4328
    4321
    4095
    4212
    4257
    4337
    4636
    4732
    4406
    4029
    3778
    3902
    3897
    4035
    4187
    4056
    4014
    3764
    3745
    3737
    3610
    3646
    3576
    3650
    3673
    3578
    3523
    3519
    3573
    3451
    3540
    3625
    3576
    3656
    3596
    3517
    3556
    3660
    3514
    3470
    3585
    3537
    3563
    3477
    3590
    3492
    3417
    3393
    3504
    3422
    3451
    3371
    3499
    3417
    3361
    3292
    3299
    3336
    3322
    3316
    3310
    3151
    3291
    3291
    3287
    3258
    3203
    3122
    3145
    3167
    3089
    3169
    3147
    3120
    3235
    3203
    3126
    3254
    3182
    3413
    3515
    3587
    3714
    3843
    3669
    3724
    3689
    3883
    3808
    3773
    3723
    3677
    3650
    3679
    3613
    3596
    3622
    3524
    3592
    3473
    3421
    3343
    3397
    3288
    3281
    3289
    3217
    3123
    3138
    3129
    3026
    3084
    3019
    2940
    2944
    2847
    2821
    2838
    2811
    2739
    2694
    2718
    2687
    2741
    2619
    2636
    2457
    2649
    2493
    2473
    2456
    2473
    2488
    2435
    2413
    2302
    2430
    2327
    2299
    2323
    2356
    2279
    2235
    2253
    2309
    2270
    2266
    2249
    2301
    2156
    2163
    2211
    2204
    2204
    2141
    2157
    2061
    2155
    2114
    2192
    2105
    2116
    2130
    2059
    2088
    2080
    2027
    2082
    2169
    2035
    2084
    2069
    2050
    2063
    2124
    2099
    2106
    2042
    2024
    2088
    2037
    2058
    2029
    2068
    1978
    2072
    1979
    2168
    2034
    2025
    2087
    2102
    2079
    2158
    1976
    2089
    2130
    2102
    2077
    2089
    2069
    2072
    2105
    2126
    2100
    2113
    2165
    2058
    2090
    2135
    2153
    2186
    2157
    2216
    2144
    2094
    2197
    2191
    2194
    2267
    2236
    2265
    2318
    2255
    2268
    2341
    2254
    2228
    2369
    2311
    2374
    2357
    2432
    2354
    2479
    2555
    2501
    2539
    2560
    2526
    2612
    2674
    2739
    2774
    2659
    2742
    2757
    2753
    2819
    2835
    2798
    2947
    2908
    3062
    2980
    3165
    3111
    3090
    3163
    3359
    3310
    3363
    3441
    3386
    3479
    3496
    3577
    3508
    3480
    3580
    3617
    3470
    3225
    3011
    2773
    2322
    2040
    1808
    1812
    1635
    1549
    1446
    1442
    1416
    1403
    1404
    1279
    1218
    1288
    1213
    1173
    1185
    1136
    1097
    1060
    1050
    1030
    1037
     946
     995
     991
     989
     944
     936
     870
     800
     790
     839
     867
     744
     742
     787
     691
     735
     663
     626
     598
     594
     572
     541
     570
     490
     493
     445
     427
     399
     380
     346
     418
     353
     357
     385
     337
     344
     310
     312
     315
     295
     301
     302
     281
     248
     314
     273
     255
     274
     284
     244
     243
     251
     237
     239
     213
     217
     234
     245
     233
     221
     246
     196
     213
     227
     232
     206
     227
     229
     213
     226
     187
     236
     224
     211
     233
     223
     213
     209
     214
     195
     209
     194
     226
     219
     209
     204
     209
     211
     218
     256
     232
     260
     285
     279
     355
     577
    1161
   11876
   56725
   27875
     797
     164
     133
     104
      79
      83
      66
      61
      65
      55
      59
      49
      54
      52
      54
      54
      47
      52
      48
      30
      37
      32
      36
      36
      29
      27
      21
      25
      18
      23
      17
      21
      32
      18
      24
      24
      28
      21
      22
      23
      10
      21
      16
      20
      25
      15
      20
      16
      22
      21
      16
      12
      15
      18
      24
      19
      14
      16
      22
      16
      15
      10
       9
      14
      13
      12
      13
      14
       3
       9
      10
      11
      16
      13
      17
       9
      16
      10
      13
      17
       8
      11
      14
      12
      14
      11
      10
      12
      16
      10
      16
      16
      16
       9
      14
      14
      14
       7
      15
      10
      17
      12
       8
      13
       6
      13
      10
       8
      10
       9
       9
       9
      10
       7
       9
      11
       4
       4
      15
      10
       8
      10
       6
       7
       7
       9
      14
      12
      11
      18
      12
       8
       3
       7
      10
       4
       7
       9
       8
       6
       5
      14
       9
      10
      15
       7
       8
       6
      14
       5
      13
       8
       5
       6
       6
       6
       3
       1
       7
       2
       8
       5
       6
       6
       2
       7
       7
       9
       7
       5
       1
       6
       5
       2
       4
       7
       7
       4
       4
       4
       5
       2
       7
       7
       3
       3
       4
       4
       2
       1
       9
       8
       4
       4
       4
       3
       4
       7
       2
       4
       5
       5
       3
       7
       3
       6
       7
       4
       7
       1
       4
       6
       4
       4
       9
       7
       2
       2
       6
       4
       2
       7
       2
       3
       2
       6
       2
       3
       2
       5
       3
       4
       5
       3
       2
       5
       4
       4
       4
       5
       7
       4
       4
       3
       2
       6
       4
       1
       2
       3
       5
       2
       4
       6
       3
       1
       2
       2
       4
       4
       1
       5
       3
       1
       4
       0
       1
       0
       3
       1
       1
       4
       3
       1
       2
       2
       4
       0
       2
       1
       1
       1
       0
       4
       3
       4
       4
       0
       4
       3
       1
       5
       3
       3
       4
       3
       1
       2
       0
       2
       1
       5
       3
       4
       2
       2
       2
       2
       0
       0
       1
       5
       3
       0
       0
       3
       1
       2
       1
       1
       0
       3
       2
       0
       1
       1
       1
       0
       0
       0
       0
       1
       0
       1
       0
       0
       0
       0
       3
       1
       0
       0
       1
       0
       0
       0
       0
       1
       0
       1
       1
       1
       1
       0
       1
       1
       2
       1
       1
       1
       0
       3
       0
       0
       2
       1
       0
       0
       2
       1
       1
       1
       0
       0
       2
       0
       1
       2
       1
       1
       1
       0
       2
       0
       0
       0
       0
       1
       0
       0
       1
       0
       0
       1
       1
       1
       0
       0
       0
       1
       0
       1
       0
       0
       3
       1
       1
       0
       0
       1
       1
       0
       3
       1
       0
       0
       0
       0
       3
       0
       0
       0
       1
       0
       1
       0
       1
       2
       1
       1
       2
       0
       0
       1
       1
       1
       1
       0
       0
       1
       1
       0
       0
       0
       0
       1
       0
       0
       0
       0
       1
       1
       0
       0
       1
       0
       0
       0
       0
       0
       0
       0
       0
       0
       0
       0
       0
       0
       0
       0
       0
       0
       0
       0
       0
       0
       0
       0
       1
       0
       0
       0
       0
       0
       0
       0
       0
       0
       0
       0
       0
       0
       0
       0
       0
       1
       0
       0
       0
       0
       0
       0
       0
       0
       0
       0
       0
       0
       1
       0
       0
       0
       0
       0
       0
       0
       0
       0
       0
       0
       0
       0
       0
       0
       0
       0
       0
       0
       1
       0
       0
       0
       0
       1
       0
       0
       0
       0
       0
       0
       0
       0
       0
       0
       0
       0
       0
       0
       0
       0
       0
       0
       0
       0
       0
       0
       0
       0
       0
       0
       0
       0
       0
       0
       0
       0
       0
       0
       0
       0
       0
       1
       0
       0
       0
       0
       0
       0
       0
       0
       0
       0
       0
       0
       0
       0
       0
       0
       0
       0
       1
       0
       0
       0
       0
       0
       0
       0
       0
       0
       0
       0
       0
       0
       0
       0
       0
       0
       0
       0
       0
       0
       0
       0
       0
       0
       0
       0
       0
       0
       0
       0
       0
       0
       0
       0
       0
       0
       0
       0
       0
       0
       0
       0
       0
       0
       1
       0
       0
       0
       0
       0
       0
       0
       0
       0
       0
       0
       0
       0
       0
       0
       0
       0
       0
       0
       0
       0
       1
       0
       0
       0
       0
       0
       0
       0
       0
       0
       0
       0
       0
       0
       0
       0
       0
       0
       0
       0
       0
       0
       0
       0
       0
       0
       0
       0
       0
       1
       0
       0
       0
       0
       0
       0
       0
       0
       0
       0
       0
       0
       0
       0
       0
       0
       0
       0
       0
       0
       0
       0
       0
       0
       0
       0
       0
       0
       0
       0
       0
       0
       0
       0
       0
       0
       0
       0
       0
       0
       0
       0
       0
       0
       0
       0
       0
       0
       0
       0
       0
       0
       0
       0
       0
       0
       0
       0
       0
       0
       0
       0
       0
       0
       0
       0
       0
       0
       0
       0
       0
       0
       0
       0
       0
       0
       0
       0
       0
       0
       0
       0
       0
       0
       0
       0
       0
       0
       0
       0
       0
       0
       0
       0
       0
       0
       0
       0
       0
       0
       0
       0
       0
       0
       0
       0
       0
       0
       0
       0
       0
       0
       0
       0
       1
       1
       0
       0
       0
       0
       0
       0
       0
       0
       0
       0
       0
       0
       0
       0
       0
       0
       0
       0
       0
       0
       0
       0
       0
       0
       0
       0
       0
       0
       0
       0
       0
       0
       0
       0
       0
       0
       0
       1
       0
       0
       0
       0
       0
       0
       0
       0
       0
       0
       0
       0
       0
       0
       0
       0
       0
       0
       0
       0
       0
       0
       0
       0
       0
       0
       0
       0
       0
       0
       0
       0
       0
       0
       0
       0
       0
       0
       0
       0
       0
       0
       0
       0
       0
       0
       0
       0
       0
       0
       0
       0
       0
       0
       0
       0
       0
       0
       0
       0
       0
       0
       0
       0
       0
       0
       0
       0
       0
       0
       0
       0
       0
       0
       0
       0
       1
       0
       0
       0
       0
       0
       0
       0
       0
       0
       0
       0
       0
       0
       0
       0
       0
       0
       0
       0
       0
       0
       1
       0
       0
       0
       0
       0
       0
       0
       0
       0
       0
       0
       0
       0
       0
       0
       0
       0
       0
       0
       0
       0
       0
       0
       0
       0
       0
       0
       1
       0
       0
       0
       0
       0
       0
       0
       0
       0
       1
       0
       0
       0
       0
       0
       0
       0
       0
       0
       0
       0
       0
       0
       0
       0
       0
       0
       0
       0
       0
       0
       0
       0
       0
       0
       0
       0
       0
       0
       0
       0
       0
       0
       0
       0
       0
       0
       0
       0
       0
       0
       0
       0
       0
       0
       0
       0
       0
       0
       0
       0
       0
       0
       0
       0
       0
       0
       0
       0
       1
       0
       0
       0
       0
       0
       0
       0
       0
       0
       0
       0
       0
       0
       0
       1
       0
       0
       0
       0
       0
       0
       0
       0
       0
       0
       0
       0
       0
       0
       0
       0
       0
       0
       0
       0
       0
       0
       0
       0
       0
       0
       0
       0
       0
       0
       0
       0
       0
       0
       0
       0
       0
       0
       0
       0
       0
       0
       0
       0
       0
       1
       0
       0
       0
       0
       0
       0
       0
       0
       0
       0
       0
       0
       0
       0
       0
       0
       0
       0
       0
       0
       0
       0
       0
       0
       0
       0
       0
       1
       0
       0
       0
       0
       0
       0
       0
       0
       0
       0
       0
       0
       1
       0
       0
       0
       0
       0
       0
       0
       0
       0
       0
       0
       0
       0
       0
       0
       0
       0
       0
       0
       0
       0
       0
       0
       0
       0
       0
       0
       0
       0
       0
       0
       0
       0
       1
       0
       0
       0
       0
       0
       0
       0
       0
       0
       0
       0
       0
       0
       0
       0
       0
       0
       0
       0
       0
       0
       0
       0
       0
       0
       0
       0
       0
       0
       0
       0
       0
       0
       0
       0
       0
       0
       0
       0
       0
       0
       0
       0
       0
       0
       0
       0
       0
       0
       0
       0
       0
       0
       0
       0
       0
       0
       0
       0
       0
       0
       0
       0
       0
       0
       0
       0
       0
       0
       0
       0
       0
       0
       0
       0
       0
       0
       0
       0
       0
       0
       0
       0
       0
       0
       0
       0
       0
       0
       0
       0
       0
       0
       0
       0
       0
       0
       0
       0
       0
       0
       0
       0
       0
       0
       0
       0
       0
       0
       0
       0
       0
       0
       0
       0
       0
       0
       0
       0
       0
       0
       0
       0
       0
       1
       0
       0
       0
       0
       0
       0
       0
       0
       0
       0
       0
       0
       0
       0
       0
       0
       0
       0
       0
       0
       0
       0
       0
       0
       0
       0
       0
       0
       0
       0
       0
       0
       0
       0
       0
       0
       0
       0
       0
       0
       0
       0
       0
       0
       0
       0
       0
       0
       0
       0
       0
       0
       0
       0
       0
       0
       0
       0
       0
       0
       0
       0
       0
       0
       0
       0
       0
       0
       0
       0
       0
       0
       0
       0
       0
       0
       0
       0
       0
       0
       0
       0
       0
       0
       0
       0
       0
       0
       0
       0
       0
       0
       0
       0
       0
       0
       0
       0
       0
       0
       0
       0
       0
       0
       0
       0
       0
       0
       0
       0
       0
       0
       0
       0
       0
       0
       0
       0
       0
       0
       0
       0
       0
       0
       0
       0
       0
       0
       0
       0
       0
       0
       0
       0
       0
       0
       0
       0
       0
       0
       0
       0
       0
       0
       0
       0
       0
       0
       0
       0
       0
       0
       0
       0
       0
       0
       0
       0
       0
       0
       0
       0
       0
       0
       0
       0
       0
       0
       0
       0
       0
       0
       0
       0
       0
       0
       0
       0
       0
       0
       0
       0
       0
       0
       0
       0
       0
       0
       0
       0
       0
       0
       0
       0
       0
       0
       0
       0
       0
       0
       0
       0
       0
       0
       0
       0
       0
       0
       0
       0
       0
       0
       0
       0
       0
       0
       0
       0
       0
       0
       0
       0
       0
       0
       0
       0
       0
       0
       0
       0
       0
       0
       0
       0
       0
       0
       0
       0
       0
       0
       0
       0
       0
       0
       0
       0
       0
       0
       0
       0
       0
       0
       0
       0
       0
       0
       0
       0
       0
       0
       0
       0
       0
       0
       0
       0
       0
       0
       0
       0
       0
       0
       0
       0
       0
       0
       0
       0
       0
       0
       0
       0
       0
       0
       0
       0
       0
       0
       0
       0
       0
       0
       0
       0
       0
       0
       0
       0
       0
       0
       0
       0
       0
       0
       0
       0
       0
       0