       0
       0
       0
       0
       0
       0
       0
       0
       0
       0
       0
       0
       0
       0
       0
     371
    1161
    1063
    1053
    1051
    1085
    1130
    1042
     939
     952
     949
     859
     904
     840
     887
     864
     791
     736
     787
     753
     779
     808
     726
     751
     735
     727
     676
     697
     734
     716
     670
     702
     709
     740
     847
     770
     700
     674
     666
     672
     662
     688
     686
     632
     635
     616
     609
     644
     599
     619
     609
     583
     588
     631
     569
     627
     605
     632
     579
     619
     564
     590
     560
     590
     537
     577
     606
     620
     587
     554
     580
     535
     592
     573
     560
     551
     556
     563
     570
     523
     587
     519
     605
     543
     491
     571
     524
     515
     542
     516
     520
     566
     522
     536
     481
     519
     498
     488
     529
     511
     529
     488
     486
     481
     504
     483
     528
     476
     466
     458
     465
     434
     493
     466
     496
     473
     510
     476
     491
     450
     448
     439
     489
     479
     536
     497
     539
     537
     564
     578
     513
     510
     553
     528
     553
     573
     529
     533
     520
     562
     495
     501
     538
     535
     536
     494
     524
     501
     506
     507
     533
     504
     487
     491
     460
     456
     486
     499
     484
     470
     477
     479
     446
     449
     415
     471
     470
     412
     384
     375
     405
     455
     403
     384
     401
     418
     374
     374
     379
     377
     378
     373
     373
     387
     376
     374
     377
     353
     374
     345
     421
     456
     379
     329
     357
     379
     356
     331
     360
     325
     348
     359
     342
     362
     342
     309
     332
     325
     321
     314
     321
     287
     302
     321
     318
     323
     339
     287
     293
     337
     319
     303
     310
     290
     317
     334
     320
     347
     294
     283
     276
     315
     301
     311
     316
     300
     301
     287
     267
     313
     323
     307
     279
     295
     329
     292
     285
     281
     283
     271
     270
     285
     274
     276
     293
     292
     276
     318
     276
     282
     276
     252
     281
     299
     267
     305
     285
     299
     325
     245
     292
     295
     322
     256
     301
     308
     283
     260
     264
     292
     290
     269
     280
     303
     283
     295
     269
     281
     256
     261
     305
     277
     266
     275
     286
     248
     270
     278
     255
     267
     251
     251
     301
     282
     248
     262
     251
     260
     278
     295
     268
     259
     264
     271
     270
     246
     264
     250
     247
     253
     256
     271
     251
     259
     233
     247
     250
     247
     249
     258
     264
     258
     284
     292
     265
     275
     252
     282
     276
     244
     245
     235
     254
     255
     268
     262
     236
     231
     260
     273
     241
     239
     253
     214
     252
     278
     240
     256
     236
     290
     266
     244
     246
     247
     245
     269
     237
     236
     241
     259
     262
     254
     259
     246
     257
     269
     255
     246
     256
     281
     269
     269
     287
     251
     270
     233
     253
     258
     281
     233
     281
     276
     251
     287
     254
     265
     249
     249
     254
     266
     261
     257
     257
     238
     247
     249
     252
     272
     240
     223
     260
     262
     264
     253
     250
     246
     244
     270
     284
     269
     261
     264
     253
     332
     295
     262
     251
     251
     256
     231
     227
     231
     261
     247
     240
     263
     247
     254
     225
     273
     292
     238
     228
     264
     241
     230
     242
     260
     247
     248
     276
     249
     253
     239
     271
     290
     268
     272
     266
     255
     251
     278
     265
     270
     224
     273
     258
     272
     259
     255
     237
     263
     261
     281
     267
     253
     255
     231
     249
     240
     274
     266
     263
     242
     230
     281
     276
     253
     262
     268
     251
     262
     254
     272
     255
     285
     265
     258
     269
     296
     277
     263
     297
     270
     292
     265
     244
     273
     250
     273
     270
     261
     295
     259
     269
     266
     280
     267
     290
     276
     261
     326
     259
     272
     264
     266
     260
     286
     282
     284
     312
     274
     257
     294
     300
     315
     265
     274
     282
     269
     250
     321
     308
     281
     303
     282
     305
     292
     304
     295
     306
     300
     316
     307
     293
     296
     309
     308
     328
     283
     300
     289
     319
     310
     324
     344
     335
     321
     324
     322
     343
     319
     320
     330
     343
     319
     352
     356
     324
     352
     321
     369
     362
     320
     348
     352
     372
     357
     344
     338
     358
     386
     351
     380
     366
     365
     389
     409
     394
     405
     419
     410
     376
     384
     400
     408
     440
     416
     432
     409
     417
     437
     448
     442
     424
     447
     464
     455
     417
     470
     458
     425
     379
     375
     357
     321
     326
     282
     265
     253
     269
     258
     278
     267
     261
     264
     272
     283
     263
     249
     268
     260
     262
     265
     250
     254
     276
     260
     235
     248
     256
     241
     268
     228
     264
     245
     242
     228
     256
     252
     255
     249
     228
     260
     220
     209
     238
     266
     255
     249
     226
     234
     227
     226
     249
     219
     225
     216
     229
     246
     235
     248
     255
     231
     230
     259
     217
     248
     247
     230
     281
     226
     235
     238
     261
     243
     237
     264
     232
     266
     245
     241
     250
     234
     262
     257
     244
     264
     290
     291
     256
     273
     276
     281
     265
     259
     269
     258
     294
     259
     287
     257
     255
     251
     289
     221
     211
     192
     178
     147
     158
     133
     139
     153
     144
     132
     130
     121
     124
      97
     114
     130
     103
     106
     125
     110
     107
     106
     107
      96
     109
      96
     104
     116
     101
     100
      99
     100
     121
     108
     151
     966
    3915
    2534
     224
      95
      74
      80
      77
      75
      82
      66
      73
      63
      64
      70
      52
      66
      65
      51
      61
      37
      55
      47
      56
      40
      32
      49
      39
      29
      37
      38
      38
      26
      28
      35
      31
      25
      24
      25
      43
      20
      35
      24
      20
      18
      20
      35
      21
      22
      17
      23
      23
      21
      16
      16
      19
      18
      17
      23
      13
      17
      17
      26
      13
      18
      13
      16
       9
      15
      11
      15
      16
      16
      16
      11
      15
      17
      18
      23
      16
      19
      18
      17
      13
      29
      15
      23
      10
      19
      17
      12
      11
      12
       8
      19
      22
      12
      14
      14
      14
      22
      27
      26
      32
      44
     189
    1798
    3331
     889
      36
       8
       2
       5
       3
       4
       8
       6
       4
       5
       7
       9
       2
       4
       8
       3
       4
       6
       6
       6
       5
       6
       1
       4
       3
       6
       6
       9
       6
       3
       4
       8
       4
       4
       6
       4
       4
       4
       6
       2
       8
       0
       4
       5
       2
       7
       6
       2
       6
       5
       5
       5
       0
      10
       5
       3
       5
       6
       5
       4
       1
       1
       1
       1
       5
       4
       5
       7
       6
       4
       5
       3
       6
       3
       2
       4
       5
       5
       1
       4
       8
       6
       5
       7
       2
       2
       7
       5
       4
       3
       2
       8
       0
       5
       2
       2
       4
       6
       9
       5
       3
       4
       3
       4
       1
       3
       4
       3
       4
       1
       1
       4
       2
       0
       4
       4
       4
       2
       5
       5
       8
       2
       4
       3
       9
       6
       4
       6
       9
       6
       5
       3
       2
       4
       7
       4
       4
       8
       5
       7
       2
       3
       2
       4
       3
       5
       2
       4
       1
       5
       6
       2
       1
       7
       0
       2
       4
       3
       8
       3
       2
       2
       5
       2
       3
       1
       4
       6
       2
       3
       4
       3
       2
       2
       6
       0
       2
       0
       5
       3
       6
       3
       4
       1
       5
       6
       1
       2
       5
       1
       5
       4
       3
       1
       2
       1
       2
       5
       2
       5
       1
       0
       5
       3
       1
       0
       3
       4
       3
       1
       4
       4
       2
       4
       4
       1
       1
       4
       3
       9
       3
       7
       1
       4
       3
       4
       2
       3
       4
       6
       4
       2
       3
       5
       1
       0
       3
       5
       6
       3
       3
       2
       4
       2
       1
       5
       4
       3
       3
       2
       2
       0
       2
       3
       2
       1
       2
       4
       2
       1
       3
       0
       4
       3
       5
       6
       5
       3
       0
       0
       2
       2
       1
       2
       5
       2
       4
       2
       2
       3
       4
       2
       3
       3
       2
       3
       0
       2
       1
       3
       1
       2
       1
       3
       3
       5
       3
       2
       2
       2
       3
       3
       3
       0
       2
       4
       3
       2
       2
       0
       2
       3
       2
       4
       3
       2
       1
       2
       1
       2
       1
       3
       2
       0
       1
       4
       3
       4
       1
       4
       2
       3
       4
       2
       2
       1
       2
       3
       1
       3
       2
       2
       2
       1
       4
       3
       3
       2
       1
       1
       4
       2
       2
       3
       0
       0
       1
       1
       2
       3
       4
       3
       1
       1
       4
       1
       2
       5
       3
       2
       5
       3
       4
       0
       1
       1
       1
       2
       2
       1
       2
       4
       0
       1
       2
       5
       0
       5
       2
       1
       0
       1
       1
       2
       1
       2
       2
       1
       2
       5
       1
       1
       0
       2
       4
       1
       2
       1
       5
       3
       4
       2
       1
       3
       0
       3
       1
       3
       2
       2
       2
       2
       1
       0
       1
       3
       0
       4
       2
       1
       2
       0
       1
       0
       1
       3
       2
       3
       2
       2
       1
       2
       4
       2
       0
       1
       1
       2
       1
       2
       1
       2
       1
       1
       2
       4
       1
       0
       2
       1
       1
       4
       4
       1
       1
       1
       4
       1
       1
       0
       1
       0
       2
       1
       3
       2
       0
       5
       3
       2
       1
       1
       1
       4
       1
       3
       1
       1
       1
       3
       0
       1
       2
       3
       3
       2
       1
       1
       0
       1
       1
       1
       2
       2
       2
       1
       1
       0
       0
       1
       1
       4
       1
       1
       0
       1
       0
       1
       0
       0
       2
       2
       1
       0
       2
       0
       3
       4
       2
       0
       1
       1
       0
       2
       1
       0
       0
       0
       0
       1
       0
       0
       0
       3
       0
       2
       1
       0
       0
       1
       0
       1
       1
       1
       1
       0
       1
       2
       1
       2
       0
       2
       0
       3
       1
       1
       3
       0
       2
       2
       1
       1
       0
       1
       2
       1
       0
       0
       2
       1
       1
       2
       0
       0
       0
       1
       1
       0
       1
       2
       0
       1
       0
       0
       0
       2
       1
       3
       0
       0
       1
       1
       2
       1
       0
       1
       2
       2
       2
       0
       1
       0
       1
       0
       3
       2
       0
       2
       0
       3
       1
       1
       0
       2
       1
       1
       3
       2
       1
       0
       1
       1
       3
       0
       1
       1
       1
       1
       0
       1
       0
       2
       0
       1
       0
       1
       0
       2
       0
       0
       0
       1
       0
       1
       0
       0
       1
       0
       1
       1
       0
       0
       1
       0
       1
       0
       1
       1
       0
       1
       0
       1
       1
       1
       0
       0
       0
       0
       0
       0
       0
       0
       0
       1
       0
       0
       1
       0
       0
       0
       0
       0
       2
       0
       0
       0
       0
       0
       0
       0
       0
       0
       0
       0
       0
       0
       0
       0
       0
       0
       1
       0
       0
       0
       0
       0
       0
       0
       0
       0
       2
       0
       0
       0
       0
       0
       0
       0
       0
       0
       0
       0
       1
       0
       0
       0
       0
       0
       0
       0
       0
       0
       0
       0
       0
       0
       0
       0
       0
       0
       0
       0
       0
       1
       0
       0
       0
       0
       0
       0
       0
       0
       0
       0
       0
       0
       1
       0
       0
       0
       0
       1
       0
       0
       2
       4
       6
       1
       0
       0
       0
       0
       0
       0
       0
       0
       0
       0
       0
       0
       0
       0
       0
       0
       0
       0
       0
       0
       0
       0
       0
       0
       0
       0
       0
       0
       0
       0
       0
       0
       0
       0
       0
       0
       0
       0
       0
       0
       0
       0
       0
       0
       0
       0
       0
       0
       0
       0
       0
       0
       0
       0
       0
       0
       0
       0
       0
       0
       0
       0
       0
       0
       0
       0
       0
       0
       0
       0
       0
       0
       0
       0
       0
       0
       0
       0
       0
       0
       0
       0
       0
       0
       0
       0
       0
       0
       0
       0
       0
       0
       0
       0
       0
       0
       0
       0
       0
       0
       0
       0
       0
       0
       0
       0
       0
       0
       0
       0
       0
       0
       0
       0
       0
       0
       0
       1
       0
       0
       0
       0
       0
       0
       0
       0
       0
       0
       0
       0
       0
       0
       0
       0
       0
       0
       0
       0
       0
       0
       0
       0
       0
       0
       0
       0
       0
       0
       0
       0
       0
       0
       1
       0
       0
       0
       0
       0
       0
       0
       0
       0
       0
       0
       0
       0
       0
       0
       0
       0
       0
       0
       0
       0
       0
       0
       0
       0
       0
       0
       0
       0
       0
       0
       0
       0
       0
       0
       0
       0
       0
       0
       0
       0
       1
       0
       0
       0
       0
       0
       0
       0
       0
       0
       0
       0
       0
       0
       0
       0
       0
       0
       0
       0
       0
       0
       0
       1
       0
       0
       0
       0
       0
       0
       0
       0
       0
       0
       0
       0
       0
       0
       0
       0
       0
       0
       0
       0
       0
       0
       0
       0
       0
       0
       0
       0
       0
       0
       0
       0
       0
       0
       0
       0
       0
       0
       0
       0
       0
       0
       0
       0
       0
       0
       0
       0
       0
       0
       0
       0
       0
       1
       0
       0
       0
       0
       0
       0
       0
       0
       0
       0
       0
       0
       0
       0
       0
       0
       0
       0
       0
       0
       0
       0
       0
       0
       0
       0
       0
       0
       0
       0
       0
       0
       0
       0
       0
       0
       0
       0
       0
       0
       0
       0
       0
       0
       0
       0
       0
       0
       0
       0
       0
       0
       0
       0
       0
       0
       0
       0
       0
       0
       0
       0
       0
       0
       1
       0
       0
       0
       0
       0
       0
       0
       0
       0
       0
       0
       0
       0
       0
       0
       0
       0
       0
       0
       0
       0
       0
       0
       0
       0
       0
       0
       0
       0
       0
       0
       0
       0
       0
       0
       0
       0
       0
       0
       0
       0
       0
       0
       0
       0
       0
       0
       0