       0
       0
       0
       0
       0
       0
       0
       0
       0
       0
       0
       0
       0
       0
       0
     156
     543
     497
     487
     424
     513
     492
     452
     434
     408
     452
     418
     437
     411
     405
     457
     425
     386
     423
     436
     415
     379
     428
     391
     453
     432
     443
     422
     445
     431
     459
     514
     674
     969
    1347
    1153
     778
     369
     322
     402
     502
     557
     656
     482
     423
     356
     403
     342
     349
     328
     381
     291
     326
     330
     345
     349
     363
     291
     329
     328
     330
     335
     336
     329
     279
     306
     300
     312
     345
     342
     364
     307
     330
     317
     301
     315
     326
     330
     296
     305
     306
     313
     286
     283
     299
     315
     315
     251
     311
     282
     278
     232
     260
     268
     268
     250
     289
     250
     247
     252
     243
     265
     225
     282
     254
     245
     268
     315
     264
     225
     221
     249
     242
     223
     231
     220
     197
     202
     208
     211
     196
     208
     236
     200
     179
     163
     209
     199
     208
     167
     179
     196
     195
     198
     177
     180
     173
     183
     176
     232
     232
     432
     311
     243
     178
     132
     146
     161
     134
     134
     134
     137
     132
     140
     147
     146
     141
     141
     141
     130
     120
     118
     132
     125
     127
     126
     128
     116
     128
     109
     104
     102
     101
     102
     116
      93
     126
     138
     204
     151
     105
     128
     108
     100
      80
      82
     105
     112
      95
     110
     102
     101
     110
      88
     109
      91
      87
     102
     122
     108
     102
      84
      94
      99
      97
      95
     113
     111
     104
      91
      93
     108
     102
     108
     110
     208
     177
      72
      81
      76
      67
      80
      87
     114
      82
      71
      72
      78
      76
      76
      77
      76
      74
      82
      72
      68
      76
      62
      72
      78
      58
      73
      65
      57
      61
      75
      79
      68
      69
      84
      68
      62
      74
      70
      70
      62
      62
      68
      71
      68
      69
      48
      52
      66
      61
      63
      54
      52
      61
      62
      60
      75
      49
      54
      55
      57
      59
      56
      61
      65
      58
      49
      66
      69
      46
      60
      57
      62
      75
      66
      49
      51
      64
      64
      51
      48
      55
      48
      52
      50
      56
      48
      53
      49
      48
      54
      46
      51
      45
      51
      52
      49
      45
      49
      45
      53
      49
      51
      62
      92
      73
      38
      68
      48
      42
      51
      35
      43
      44
      36
      35
      40
      41
      49
      44
      37
      25
      37
      43
      48
      41
      40
      55
      49
      30
      44
      22
      40
      50
      36
      52
      43
      40
      37
      35
      29
      42
      44
      48
      41
      47
      33
      44
      43
      51
      37
      60
      99
      54
      39
      39
      36
      39
      40
      36
      45
      34
      36
      30
      35
      37
      38
      42
      61
     122
      51
      41
      31
      49
      26
      25
      34
      28
      34
      44
      29
      36
      36
      25
      41
      38
      38
      37
      28
      30
      22
      32
      37
      40
      35
      33
      30
      30
      33
      33
      38
      35
      32
      32
      38
      21
      41
      33
      28
      40
      36
      31
      37
      21
      25
      30
      22
      31
      30
      27
      34
      26
      33
      32
      38
      32
      46
      24
      39
      25
      28
      37
      30
      32
      33
      38
      28
      33
      37
      24
      28
      25
      38
      31
      27
      27
      32
      28
      27
      31
      28
      30
      29
      30
      25
      23
      28
      22
      24
      24
      24
      29
      23
      33
      24
      26
      32
      32
      26
      38
      30
      25
      30
      35
      24
      17
      28
      24
      21
      19
      20
      20
      24
      32
      19
      15
      28
      27
      17
      21
      25
      40
      27
      21
      26
      20
      25
      18
      20
      24
      20
      22
      23
      23
      18
      23
      32
      25
      23
      25
      31
      17
      25
      23
      30
      22
      27
      18
      30
      27
      24
      17
      19
      22
      20
      25
      21
      23
      14
      14
      17
      17
      18
      24
      21
      18
      21
      15
      20
      22
      21
      16
      30
      19
      26
      22
      18
      18
      15
      15
      20
      13
      15
      22
      19
      20
      17
      27
      20
      18
      18
      29
      34
      27
      19
      18
      32
      30
      20
      24
      25
      19
      16
      17
      21
      19
      12
      18
      18
       9
      22
      20
      19
      17
      17
      18
      17
      13
      14
      12
      23
      15
      21
      26
      24
      14
      16
      21
      21
      22
      18
      22
      20
      17
      30
      32
      26
      22
      22
      19
      15
      16
      23
      17
      14
      21
      20
      16
      18
      15
      13
      17
      19
      20
      18
      22
      19
      11
      22
      13
      18
      16
      19
      17
      22
      13
      22
      19
      19
      28
      17
      22
      19
      12
      15
      23
      18
      22
      17
      11
      17
      12
      12
      21
      19
      23
      15
      29
      16
       7
       9
      10
      12
      12
      14
      14
      19
      19
      10
      18
      14
      17
      18
      12
      10
      16
      15
      17
      19
      13
      12
      14
      18
      12
      16
      14
      15
      15
      20
      15
      18
      15
      14
      11
      16
      16
      20
       8
      24
      17
      13
      20
      25
      18
      28
      15
      18
      20
      10
      13
      25
      14
      22
      13
      15
      12
      19
       9
      21
      19
      18
      23
       9
      14
      23
      10
      11
      18
      15
      19
      15
      15
      21
      12
      15
      17
      22
      17
      19
      13
      18
      21
      15
      11
      16
      22
      11
      18
       8
      10
      16
      14
      16
      15
      18
      12
      17
      21
      17
      13
      22
      13
      17
      17
      11
      14
      23
      17
      19
      10
      14
      14
      21
      13
      25
      16
      18
      11
      14
      18
      20
      21
      25
      14
      12
      11
       9
       3
      11
      17
       6
       8
      13
       9
      14
      11
      22
      14
       6
      12
       8
      12
      15
      12
       5
      14
      10
       7
      14
      16
       6
       9
      11
       6
       9
      13
       9
       9
       9
       8
       8
      15
       9
       3
       7
       9
      10
      12
      10
       7
      11
       7
      10
       8
      11
      11
       7
       4
       4
       2
      10
      11
       7
       9
      12
       6
      11
       9
       8
       8
       4
      11
      12
       5
       9
      14
       7
       7
      11
       9
       8
       6
      11
      10
      13
      12
       5
       4
      10
       5
       5
       9
      17
      10
       7
      12
       9
       2
       7
      13
      10
       6
       8
      10
       9
       3
      11
       4
       4
       9
       5
       7
       7
       8
       8
       6
       6
      11
       9
      11
       8
      10
       7
       6
      12
      10
       5
       7
       9
       4
       4
      10
       7
       8
       6
      10
       5
       4
      12
      15
       7
      14
      10
       7
       8
      27
      30
      67
      17
       9
       4
       7
       6
       4
       1
       5
       5
       5
       8
       3
       8
       3
       5
       7
      11
       6
       4
       6
       2
       6
       4
       3
       4
       5
       8
       6
       6
       7
       6
       8
       2
       8
       7
       5
       2
       3
      10
       6
       6
       6
       3
       7
       7
       4
       4
       5
       5
       7
       9
       2
       3
       9
       5
       5
       7
       5
       8
       4
       3
       3
       3
       5
       4
       6
       6
       1
       7
       7
       3
       5
       6
       7
      10
       2
       3
       4
       6
       6
       6
       2
       8
       5
      12
      15
       8
       5
       3
       6
       4
       7
       4
       7
       4
       1
       5
       4
       3
       5
       4
       4
       6
       3
       6
       5
       3
       4
       4
       3
      10
       2
       4
       3
       2
       4
       5
       3
       4
       5
       3
       2
       4
       7
       8
       0
       0
       5
       3
       3
       4
       9
       3
       4
       0
       6
       3
       2
       1
       8
       3
       2
       1
       3
       1
       2
       7
       2
       6
       7
       5
       4
       4
       4
       7
       4
       4
       4
       1
       3
       1
       1
       4
      10
       3
       5
       4
       1
       5
       5
       3
       6
       3
       3
       0
       6
       5
       1
       5
       3
       2
       5
       4
       4
       5
       3
       6
       3
       0
       6
       6
       2
       2
       7
       4
       9
       4
      15
      11
       6
       2
       4
       2
       2
       5
       3
       4
       4
       7
       2
       2
       5
       3
       3
       2
       0
       3
       3
       7
       6
       5
       3
       6
       2
       1
       3
       5
       4
       3
       5
       4
       5
       3
       4
       2
       2
       2
       1
       5
      11
       2
       6
       6
       3
       1
       5
       4
       3
       5
       3
       3
       5
       6
       5
       3
       2
       5
       2
       1
       2
       5
       1
       3
       6
       3
       1
       2
       3
       2
       4
       6
       0
       4
       2
       1
       2
       3
       1
       5
       5
       3
       1
       6
       5
       2
       2
       7
       1
       3
       1
       6
       0
       3
       7
       4
       5
       7
       5
       4
       4
       8
       3
       2
       4
       1
       2
       3
       5
       2
       6
       3
       5
       5
       1
       4
       3
       3
       0
       6
       1
       6
       0
       3
       3
       3
       4
       2
       3
       1
       2
       3
       6
       1
       5
       4
       4
       2
       3
       1
       0
       5
       2
       2
       0
       1
       4
       5
       4
       0
       3
       4
       0
       1
       1
       2
       2
       2
       5
       5
       2
       4
       2
       3
       3
       1
       3
       8
       2
       2
       2
       2
       2
       2
       7
       4
       2
       3
       2
       4
       4
       6
       5
       2
       1
       3
       4
       3
       2
       5
       1
       5
       3
       2
       5
       1
       1
       1
       2
       2
       5
       2
       3
       0
       0
       1
       2
       1
       2
       4
       2
       5
       0
       4
       1
       0
       6
       2
       1
       3
       4
       2
       6
       3
       4
       3
       2
       2
       6
       3
       1
       7
       3
       1
       2
       2
       1
       1
       4
       3
       5
       0
       1
       2
       2
       1
       3
       3
       2
       0
       1
       0
       3
       2
       3
       6
       5
       3
       5
       1
       1
       2
       0
       3
       3
       3
       2
       5
       2
       2
       2
       4
       3
       1
       6
       2
       0
       3
       4
       4
       4
       3
       1
       2
       4
       1
       9
       7
      12
       5
       2
       3
       2
       3
       1
       4
       0
       2
       3
       0
       1
       0
       2
       4
       4
       7
       4
       1
       3
       1
       5
       2
       2
       2
       2
       4
       1
       1
       3
       5
       3
       1
       2
       1
       3
       1
       3
       3
       1
       3
       1
       3
       3
       4
       4
       2
       1
       4
       0
       2
       2
       0
       0
       3
       3
       5
       3
       0
       5
       2
       4
       5
       4
       0
       0
       4
       3
       2
       2
       2
       3
       2
       2
       2
       2
       6
       2
       5
       6
       0
       1
       5
       2
       5
       1
       2
       2
       4
       3
       1
       4
       2
       3
       2
       5
       4
       0
       0
       2
       1
       3
       3
       4
       3
       7
       4
       2
       1
       8
       4
       1
       5
       1
       0
       2
       0
       2
       2
       2
       1
       2
       0
       4
       1
       3
       1
       1
       2
       4
       2
       0
       3
       2
       3
       3
       1
       0
       1
       5
       3
       1
       2
       2
       2
       1
       2
       2
       1
       0
       2
       2
       2
       0
       4
       1
       2
       2
       0
       2
       4
       2
       0
       0
       2
       2
       2
       3
       0
       2
       0
       2
       1
       0
       2
       1
       0
       1
       3
       1
       3
       1
       1
       1
       3
       2
       2
       1
       2
       3
       2
       1
       1
       1
       2
       2
       0
       0
       2
       1
       2
       0
       0
       0
       2
       0
       1
       0
       1
       1
       1
       1
       1
       1
       0
       1
       0
       1
       2
       0
       2
       1
       2
       3
       1
       1
       1
       1
       0
       0
       1
       1
       1
       2
       2
       3
       0
       0
       2
       1
       1
       3
       1
       1
       4
       3
       2
       1
       0
       0
       1
       1
       1
       3
       3
       1
       2
       2
       2
       0
       1
       1
       1
       3
       0
       5
       7
      13
       3
       0
       2
       2
       1
       3
       2
       1
       2
       0
       1
       1
       1
       0
       1
       1
       0
       0
       0
       0
       2
       0
       0
       2
       0
       0
       1
       1
       0
       0
       0
       1
       2
       1
       1
       0
       0
       3
       3
       1
       2
       1
       0
       3
       1
       1
       1
       1
       1
       3
       1
       0
       1
       1
       1
       1
       0
       2
       3
       0
       0
       3
       1
       2
       0
       0
       0
       2
       1
       2
       0
       0
       1
       0
       0
       0
       0
       1
       1
       0
       2
       1
       1
       2
       0
       2
       0
       2
       3
       1
       0
       2
       0
       0
       0
       0
       0
       1
       0
       1
       2
       1
       0
       1
       1
       2
       2
       1
       0
       1
       1
       4
       1
       0
       3
       3
       0
       3
       1
       1
       1
       0
       1
       1
       0
       2
       1
       0
       3
       0
       1
       1
       1
       1
       1
       0
       1
       2
       0
       3
       0
       2
       2
       3
       0
       1
       0
       0
       3
       0
       2
       1
       0
       1
       0
       1
       3
       0
       1
       0
       2
       1
       1
       2
       1
       0
       1
       1
       1
       0
       1
       2
       0
       2
       0
       0
       2
       0
       0
       1
       2
       2
       0
       1
       3
       1
       0
       1
       1
       1
       0
       1
       0
       1
       0
       0
       1
       3
       1
       1
       1
       1
       2
       0
       1
       2
       0
       1
       1
       1
       0
       2
       0
       0
       2
       0
       1
       0
       0
       2
       1
       0
       0
       2
       2
       2
       1
       2
       2
       1
       1
       1
       0
       0
       0
       0
       3
       1
       2
       2
       2
       0
       0
       1
       0
       1
       1
       2
       0
       0
       0
       0
       1
       1
       1
       0
       0
       1
       0
       0
       0
       1
       0
       0
       1
       2
       1
       1
       0
       0
       0
       0
       2
       0
       1
       2
       0
       1
       3
       1
       0
       1
       1
       0
       1
       1
       0
       0
       1
       0
       0
       0
       1
       0
       2
       1
       1
       0
       4
       1
       0
       0
       0
       0
       0
       0
       0
       0
       0
       0
       0
       0
       0
       0
       0
       0
       0
       0
       0
       0
       0
       0
       0
       0
       0
       0
       0
       0
       0
       0
       0
       0
       0
       0