0.0 0 0 36318
0.00151668351871 0 0 81
0.00303336703741 0 0 95
0.00455005055612 0 0 89
0.00606673407482 0 0 102
0.00758341759353 0 0 85
0.00910010111223 0 0 87
0.0106167846309 0 0 80
0.0121334681496 0 0 86
0.0136501516684 0 0 81
0.0151668351871 0 0 84
0.0166835187058 0 0 84
0.0182002022245 0 0 161
0.0197168857432 0 0 251
0.0212335692619 0 0 220
0.0227502527806 0 0 222
0.0242669362993 0 0 218
0.025783619818 0 0 246
0.0273003033367 0 0 248
0.0288169868554 33 33 252
0.0303336703741 155 155 252
0.0318503538928 144 144 234
0.0333670374115 143 143 246
0.0348837209302 136 135 223
0.0364004044489 152 151 278
0.0379170879676 173 173 265
0.0394337714863 141 141 234
0.0409504550051 169 167 226
0.0424671385238 152 150 229
0.0439838220425 151 151 279
0.0455005055612 145 145 227
0.0470171890799 156 156 260
0.0485338725986 154 153 234
0.0500505561173 156 155 225
0.051567239636 142 141 243
0.0530839231547 136 133 237
0.0546006066734 169 169 223
0.0561172901921 162 161 250
0.0576339737108 148 146 295
0.0591506572295 150 150 247
0.0606673407482 150 150 258
0.0621840242669 146 143 291
0.0637007077856 141 141 231
0.0652173913043 145 143 252
0.0667340748231 145 143 283
0.0682507583418 162 161 235
0.0697674418605 170 168 252
0.0712841253792 152 152 233
0.0728008088979 180 180 263
0.0743174924166 150 150 241
0.0758341759353 158 153 236
0.077350859454 159 157 249
0.0788675429727 160 157 247
0.0803842264914 153 151 264
0.0819009100101 135 133 268
0.0834175935288 176 171 266
0.0849342770475 147 145 257
0.0864509605662 144 141 271
0.0879676440849 138 136 268
0.0894843276036 147 145 272
0.0910010111223 143 140 282
0.0925176946411 154 152 272
0.0940343781598 154 150 262
0.0955510616785 150 147 242
0.0970677451972 158 154 246
0.0985844287159 161 157 251
0.100101112235 166 160 268
0.101617795753 169 165 261
0.103134479272 170 168 309
0.104651162791 160 154 265
0.106167846309 136 133 277
0.107684529828 156 153 262
0.109201213347 166 162 278
0.110717896866 164 155 271
0.112234580384 160 158 257
0.113751263903 167 163 239
0.115267947422 180 172 273
0.11678463094 156 152 250
0.118301314459 154 147 253
0.119817997978 159 156 263
0.121334681496 164 162 268
0.122851365015 135 131 247
0.124368048534 142 138 254
0.125884732053 142 136 264
0.127401415571 154 146 273
0.12891809909 151 144 255
0.130434782609 161 156 251
0.131951466127 144 144 262
0.133468149646 163 158 246
0.134984833165 154 143 251
0.136501516684 146 144 254
0.138018200202 142 138 249
0.139534883721 161 158 252
0.14105156724 128 124 264
0.142568250758 149 141 278
0.144084934277 182 176 265
0.145601617796 137 129 255
0.147118301314 158 150 262
0.148634984833 134 127 269
0.150151668352 139 135 268
0.151668351871 161 153 240
0.153185035389 165 160 276
0.154701718908 153 145 284
0.156218402427 149 139 246
0.157735085945 162 160 267
0.159251769464 152 147 250
0.160768452983 139 129 234
0.162285136502 150 142 259
0.16380182002 160 149 276
0.165318503539 157 148 295
0.166835187058 165 155 258
0.168351870576 126 122 261
0.169868554095 149 139 296
0.171385237614 149 140 279
0.172901921132 176 166 240
0.174418604651 152 141 277
0.17593528817 162 159 221
0.177451971689 138 132 295
0.178968655207 129 119 259
0.180485338726 150 141 269
0.182002022245 164 158 264
0.183518705763 143 133 269
0.185035389282 151 140 263
0.186552072801 140 131 240
0.18806875632 164 156 259
0.189585439838 158 148 268
0.191102123357 154 134 258
0.192618806876 154 135 251
0.194135490394 153 140 260
0.195652173913 140 133 264
0.197168857432 147 134 254
0.19868554095 145 131 256
0.200202224469 136 125 298
0.201718907988 147 137 276
0.203235591507 158 144 265
0.204752275025 132 122 262
0.206268958544 148 140 251
0.207785642063 140 125 290
0.209302325581 148 132 231
0.2108190091 158 148 261
0.212335692619 149 136 257
0.213852376138 137 126 283
0.215369059656 158 142 287
0.216885743175 160 139 286
0.218402426694 152 142 283
0.219919110212 139 129 270
0.221435793731 140 122 290
0.22295247725 146 129 277
0.224469160768 157 145 268
0.225985844287 162 149 269
0.227502527806 176 163 284
0.229019211325 167 149 290
0.230535894843 149 134 234
0.232052578362 163 149 267
0.233569261881 157 141 270
0.235085945399 144 126 265
0.236602628918 152 127 248
0.238119312437 161 140 308
0.239635995956 168 143 278
0.241152679474 137 121 245
0.242669362993 129 113 235
0.244186046512 142 129 252
0.24570273003 147 132 279
0.247219413549 134 115 256
0.248736097068 187 165 261
0.250252780586 174 155 232
0.251769464105 158 138 219
0.253286147624 120 107 247
0.254802831143 153 134 241
0.256319514661 146 130 267
0.25783619818 168 146 236
0.259352881699 143 120 264
0.260869565217 147 131 239
0.262386248736 120 101 239
0.263902932255 155 129 250
0.265419615774 159 138 226
0.266936299292 146 125 259
0.268452982811 153 132 274
0.26996966633 152 128 267
0.271486349848 150 130 241
0.273003033367 165 132 252
0.274519716886 154 133 252
0.276036400404 141 123 260
0.277553083923 153 124 220
0.279069767442 157 137 250
0.280586450961 159 137 199
0.282103134479 152 125 226
0.283619817998 168 145 259
0.285136501517 163 136 226
0.286653185035 155 136 244
0.288169868554 138 105 220
0.289686552073 163 136 222
0.291203235592 154 123 253
0.29271991911 138 104 239
0.294236602629 150 119 249
0.295753286148 144 128 240
0.297269969666 157 131 214
0.298786653185 170 131 242
0.300303336704 141 113 190
0.301820020222 135 109 207
0.303336703741 177 142 265
0.30485338726 144 124 240
0.306370070779 156 123 232
0.307886754297 153 125 245
0.309403437816 147 113 239
0.310920121335 131 100 227
0.312436804853 131 103 219
0.313953488372 182 146 214
0.315470171891 158 128 212
0.31698685541 142 112 220
0.318503538928 125 100 251
0.320020222447 144 114 195
0.321536905966 172 126 207
0.323053589484 164 123 228
0.324570273003 141 116 213
0.326086956522 147 109 249
0.32760364004 137 114 235
0.329120323559 152 113 237
0.330637007078 151 130 221
0.332153690597 153 111 222
0.333670374115 136 109 237
0.335187057634 148 109 235
0.336703741153 165 121 231
0.338220424671 168 125 219
0.33973710819 169 135 190
0.341253791709 161 124 210
0.342770475228 164 127 228
0.344287158746 177 136 208
0.345803842265 167 135 228
0.347320525784 164 121 220
0.348837209302 137 110 226
0.350353892821 123 99 237
0.35187057634 147 105 225
0.353387259858 156 115 234
0.354903943377 155 121 193
0.356420626896 152 113 221
0.357937310415 140 102 247
0.359453993933 148 111 223
0.360970677452 163 120 241
0.362487360971 153 116 209
0.364004044489 170 124 211
0.365520728008 137 99 194
0.367037411527 152 113 220
0.368554095046 153 117 240
0.370070778564 149 114 196
0.371587462083 150 118 201
0.373104145602 178 128 208
0.37462082912 151 111 227
0.376137512639 153 115 211
0.377654196158 161 115 196
0.379170879676 153 119 233
0.380687563195 147 99 211
0.382204246714 136 84 227
0.383720930233 115 87 191
0.385237613751 172 117 186
0.38675429727 150 109 204
0.388270980789 119 87 239
0.389787664307 144 115 189
0.391304347826 145 114 227
0.392821031345 170 130 201
0.394337714863 131 88 199
0.395854398382 132 92 210
0.397371081901 145 107 229
0.39888776542 196 144 216
0.400404448938 133 97 215
0.401921132457 161 131 191
0.403437815976 133 89 224
0.404954499494 131 100 187
0.406471183013 138 100 214
0.407987866532 147 105 198
0.409504550051 158 117 212
0.411021233569 145 102 216
0.412537917088 131 98 240
0.414054600607 150 110 202
0.415571284125 149 109 218
0.417087967644 130 92 204
0.418604651163 129 86 227
0.420121334681 138 94 212
0.4216380182 165 113 212
0.423154701719 164 118 210
0.424671385238 168 124 197
0.426188068756 145 111 203
0.427704752275 132 96 200
0.429221435794 165 124 226
0.430738119312 151 94 181
0.432254802831 150 94 219
0.43377148635 147 104 182
0.435288169869 149 103 210
0.436804853387 137 100 216
0.438321536906 142 87 202
0.439838220425 165 111 188
0.441354903943 162 112 191
0.442871587462 153 98 222
0.444388270981 153 96 219
0.445904954499 139 99 184
0.447421638018 150 111 198
0.448938321537 147 100 206
0.450455005056 151 94 183
0.451971688574 155 102 203
0.453488372093 137 90 194
0.455005055612 167 118 207
0.45652173913 161 108 206
0.458038422649 143 93 194
0.459555106168 140 95 211
0.461071789687 127 87 207
0.462588473205 144 102 184
0.464105156724 142 95 193
0.465621840243 152 108 202
0.467138523761 152 112 239
0.46865520728 150 88 213
0.470171890799 166 110 230
0.471688574317 140 99 207
0.473205257836 141 89 212
0.474721941355 115 73 184
0.476238624874 136 109 212
0.477755308392 171 117 214
0.479271991911 178 120 190
0.48078867543 164 99 177
0.482305358948 161 108 196
0.483822042467 152 98 205
0.485338725986 154 91 209
0.486855409505 184 121 199
0.488372093023 145 100 190
0.489888776542 155 108 187
0.491405460061 134 85 200
0.492922143579 151 92 211
0.494438827098 159 96 184
0.495955510617 150 97 188
0.497472194135 164 110 190
0.498988877654 157 100 200
0.500505561173 126 80 200
0.502022244692 160 108 208
0.50353892821 150 95 213
0.505055611729 131 88 212
0.506572295248 139 94 188
0.508088978766 132 85 187
0.509605662285 153 101 184
0.511122345804 132 90 185
0.512639029323 164 106 187
0.514155712841 163 107 201
0.51567239636 146 100 178
0.517189079879 138 82 206
0.518705763397 158 93 210
0.520222446916 129 72 194
0.521739130435 138 98 213
0.523255813953 129 73 202
0.524772497472 166 111 199
0.526289180991 133 77 196
0.52780586451 153 106 196
0.529322548028 149 91 207
0.530839231547 178 110 192
0.532355915066 148 83 183
0.533872598584 167 100 157
0.535389282103 164 111 197
0.536905965622 152 87 206
0.538422649141 156 98 206
0.539939332659 155 93 209
0.541456016178 172 102 197
0.542972699697 136 95 186
0.544489383215 139 77 167
0.546006066734 132 77 187
0.547522750253 144 89 173
0.549039433771 146 86 175
0.55055611729 168 102 193
0.552072800809 179 110 209
0.553589484328 132 89 167
0.555106167846 150 87 180
0.556622851365 151 100 177
0.558139534884 148 88 186
0.559656218402 139 84 176
0.561172901921 143 85 173
0.56268958544 170 112 205
0.564206268959 154 92 164
0.565722952477 135 74 158
0.567239635996 162 84 202
0.568756319515 155 93 191
0.570273003033 136 93 184
0.571789686552 122 76 193
0.573306370071 152 91 197
0.574823053589 133 84 193
0.576339737108 148 84 179
0.577856420627 153 88 205
0.579373104146 154 97 204
0.580889787664 144 87 190
0.582406471183 166 103 192
0.583923154702 165 100 192
0.58543983822 144 84 183
0.586956521739 143 80 174
0.588473205258 140 91 195
0.589989888777 177 112 165
0.591506572295 135 77 190
0.593023255814 141 88 197
0.594539939333 164 89 194
0.596056622851 150 84 188
0.59757330637 146 76 153
0.599089989889 166 104 211
0.600606673407 134 78 177
0.602123356926 143 89 182
0.603640040445 141 81 165
0.605156723964 159 87 183
0.606673407482 143 91 190
0.608190091001 136 68 185
0.60970677452 149 100 217
0.611223458038 155 89 176
0.612740141557 150 86 192
0.614256825076 132 71 177
0.615773508595 157 89 156
0.617290192113 126 71 172
0.618806875632 161 81 179
0.620323559151 155 94 196
0.621840242669 147 89 178
0.623356926188 146 91 172
0.624873609707 150 97 183
0.626390293225 139 67 175
0.627906976744 165 90 183
0.629423660263 154 93 187
0.630940343782 169 98 196
0.6324570273 167 86 177
0.633973710819 119 78 178
0.635490394338 152 92 165
0.637007077856 135 70 179
0.638523761375 145 85 177
0.640040444894 145 87 195
0.641557128413 144 85 191
0.643073811931 150 87 192
0.64459049545 153 92 168
0.646107178969 133 72 172
0.647623862487 159 98 174
0.649140546006 144 83 224
0.650657229525 135 77 206
0.652173913043 159 95 198
0.653690596562 156 86 184
0.655207280081 149 81 182
0.6567239636 134 76 190
0.658240647118 148 81 182
0.659757330637 182 111 169
0.661274014156 162 94 198
0.662790697674 138 78 203
0.664307381193 167 96 219
0.665824064712 138 67 173
0.667340748231 155 78 184
0.668857431749 150 79 163
0.670374115268 145 80 175
0.671890798787 169 89 180
0.673407482305 147 88 196
0.674924165824 167 100 187
0.676440849343 142 76 196
0.677957532861 168 97 196
0.67947421638 129 82 157
0.680990899899 147 72 166
0.682507583418 154 81 193
0.684024266936 146 79 190
0.685540950455 157 81 177
0.687057633974 149 85 180
0.688574317492 183 104 177
0.690091001011 141 79 172
0.69160768453 131 73 163
0.693124368049 173 99 167
0.694641051567 150 83 183
0.696157735086 155 87 158
0.697674418605 127 85 177
0.699191102123 144 72 180
0.700707785642 142 80 188
0.702224469161 148 77 168
0.703741152679 161 79 182
0.705257836198 169 91 187
0.706774519717 150 80 172
0.708291203236 155 85 175
0.709807886754 148 82 167
0.711324570273 139 77 171
0.712841253792 149 97 187
0.71435793731 148 80 158
0.715874620829 161 91 171
0.717391304348 146 71 185
0.718907987867 145 82 171
0.720424671385 151 69 168
0.721941354904 147 81 185
0.723458038423 149 72 177
0.724974721941 164 94 177
0.72649140546 162 92 178
0.728008088979 154 76 160
0.729524772497 145 83 175
0.731041456016 155 83 188
0.732558139535 157 87 194
0.734074823054 159 92 166
0.735591506572 146 83 175
0.737108190091 153 90 171
0.73862487361 143 75 163
0.740141557128 162 80 176
0.741658240647 151 89 186
0.743174924166 173 101 167
0.744691607685 128 61 185
0.746208291203 155 87 185
0.747724974722 160 78 166
0.749241658241 143 81 178
0.750758341759 136 81 141
0.752275025278 155 81 193
0.753791708797 151 80 160
0.755308392315 146 80 166
0.756825075834 154 96 172
0.758341759353 166 90 165
0.759858442872 152 71 181
0.76137512639 155 80 167
0.762891809909 139 77 191
0.764408493428 151 74 166
0.765925176946 154 85 171
0.767441860465 135 71 161
0.768958543984 150 79 193
0.770475227503 166 70 176
0.771991911021 138 82 188
0.77350859454 141 70 187
0.775025278059 165 90 162
0.776541961577 153 82 169
0.778058645096 139 64 180
0.779575328615 163 89 163
0.781092012133 155 72 149
0.782608695652 173 92 189
0.784125379171 148 88 144
0.78564206269 170 86 161
0.787158746208 139 78 153
0.788675429727 175 88 163
0.790192113246 133 68 144
0.791708796764 140 66 163
0.793225480283 131 72 172
0.794742163802 160 83 185
0.796258847321 144 69 188
0.797775530839 135 67 127
0.799292214358 144 67 169
0.800808897877 150 75 137
0.802325581395 166 82 149
0.803842264914 156 77 172
0.805358948433 152 73 186
0.806875631951 143 85 190
0.80839231547 150 70 142
0.809908998989 168 80 145
0.811425682508 153 65 203
0.812942366026 141 71 178
0.814459049545 143 81 181
0.815975733064 165 78 174
0.817492416582 155 90 149
0.819009100101 160 80 178
0.82052578362 149 70 161
0.822042467139 167 96 139
0.823559150657 138 81 171
0.825075834176 172 82 173
0.826592517695 159 86 185
0.828109201213 163 89 161
0.829625884732 157 74 175
0.831142568251 147 82 182
0.832659251769 148 71 169
0.834175935288 123 75 193
0.835692618807 155 87 157
0.837209302326 151 72 177
0.838725985844 153 81 135
0.840242669363 163 83 170
0.841759352882 149 77 167
0.8432760364 170 91 179
0.844792719919 144 74 167
0.846309403438 156 77 155
0.847826086957 165 75 171
0.849342770475 129 54 191
0.850859453994 152 67 159
0.852376137513 159 73 154
0.853892821031 174 77 171
0.85540950455 142 91 153
0.856926188069 160 74 151
0.858442871587 152 77 164
0.859959555106 146 80 130
0.861476238625 143 73 151
0.862992922144 144 69 154
0.864509605662 156 76 172
0.866026289181 142 69 164
0.8675429727 131 70 182
0.869059656218 164 71 153
0.870576339737 151 71 160
0.872093023256 133 58 151
0.873609706775 144 69 157
0.875126390293 145 68 170
0.876643073812 152 67 172
0.878159757331 160 85 168
0.879676440849 150 83 167
0.881193124368 133 63 163
0.882709807887 140 71 171
0.884226491405 151 72 171
0.885743174924 145 70 158
0.887259858443 175 103 184
0.888776541962 162 88 181
0.89029322548 151 77 177
0.891809908999 147 73 169
0.893326592518 161 79 142
0.894843276036 153 82 160
0.896359959555 157 78 181
0.897876643074 158 83 166
0.899393326593 169 97 160
0.900910010111 155 84 134
0.90242669363 157 76 164
0.903943377149 144 62 149
0.905460060667 152 69 172
0.906976744186 168 76 149
0.908493427705 166 88 173
0.910010111223 163 85 168
0.911526794742 149 65 180
0.913043478261 138 65 164
0.91456016178 141 65 150
0.916076845298 125 70 173
0.917593528817 129 55 150
0.919110212336 152 81 139
0.920626895854 154 78 164
0.922143579373 136 67 162
0.923660262892 170 88 160
0.925176946411 125 57 159
0.926693629929 149 80 151
0.928210313448 148 76 155
0.929726996967 135 53 162
0.931243680485 148 72 174
0.932760364004 151 67 157
0.934277047523 154 63 132
0.935793731041 180 81 159
0.93731041456 149 66 168
0.938827098079 145 58 146
0.940343781598 156 70 149
0.941860465116 181 92 160
0.943377148635 148 73 167
0.944893832154 140 75 152
0.946410515672 134 63 150
0.947927199191 146 71 179
0.94944388271 158 70 154
0.950960566229 154 65 166
0.952477249747 140 63 176
0.953993933266 174 84 149
0.955510616785 144 67 157
0.957027300303 146 69 135
0.958543983822 143 71 173
0.960060667341 147 66 152
0.961577350859 156 73 164
0.963094034378 169 74 182
0.964610717897 156 66 148
0.966127401416 151 75 136
0.967644084934 167 76 166
0.969160768453 131 68 170
0.970677451972 141 60 162
0.97219413549 149 69 166
0.973710819009 180 85 177
0.975227502528 142 66 146
0.976744186047 153 65 151
0.978260869565 151 76 166
0.979777553084 175 74 157
0.981294236603 153 77 171
0.982810920121 147 71 174
0.98432760364 179 92 167
0.985844287159 147 61 152
0.987360970677 136 71 172
0.988877654196 163 67 161
0.990394337715 156 69 137
0.991911021234 171 79 139
0.993427704752 147 66 165
0.994944388271 150 64 148
0.99646107179 155 67 142
0.997977755308 161 79 144
0.999494438827 159 74 166
1.00101112235 138 57 143
1.00252780586 153 71 183
1.00404448938 143 64 138
1.0055611729 158 67 155
1.00707785642 136 67 166
1.00859453994 146 71 137
1.01011122346 137 60 155
1.01162790698 162 75 142
1.0131445905 155 82 149
1.01466127401 159 59 155
1.01617795753 138 55 170
1.01769464105 162 65 147
1.01921132457 142 67 171
1.02072800809 173 75 161
1.02224469161 146 63 147
1.02376137513 141 59 166
1.02527805865 139 54 175
1.02679474216 144 64 151
1.02831142568 150 65 168
1.0298281092 167 86 173
1.03134479272 167 74 137
1.03286147624 155 69 149
1.03437815976 142 70 147
1.03589484328 164 82 173
1.03741152679 155 69 149
1.03892821031 166 76 155
1.04044489383 161 72 163
1.04196157735 148 59 136
1.04347826087 147 64 144
1.04499494439 141 62 163
1.04651162791 173 68 149
1.04802831143 153 71 146
1.04954499494 150 66 155
1.05106167846 156 83 171
1.05257836198 145 66 147
1.0540950455 166 77 162
1.05561172902 180 82 142
1.05712841254 146 52 136
1.05864509606 137 59 144
1.06016177958 186 76 165
1.06167846309 176 88 155
1.06319514661 138 75 151
1.06471183013 155 68 172
1.06622851365 165 78 157
1.06774519717 128 52 166
1.06926188069 165 70 177
1.07077856421 153 63 157
1.07229524772 161 74 148
1.07381193124 142 65 170
1.07532861476 150 73 140
1.07684529828 169 92 128
1.0783619818 155 76 154
1.07987866532 145 67 147
1.08139534884 158 75 135
1.08291203236 159 65 147
1.08442871587 148 67 153
1.08594539939 165 74 132
1.08746208291 146 61 157
1.08897876643 129 54 156
1.09049544995 138 62 137
1.09201213347 151 67 147
1.09352881699 144 61 165
1.09504550051 171 82 136
1.09656218402 123 45 146
1.09807886754 172 63 125
1.09959555106 160 70 151
1.10111223458 156 72 158
1.1026289181 183 78 135
1.10414560162 168 71 148
1.10566228514 156 63 146
1.10717896866 146 57 142
1.10869565217 140 59 140
1.11021233569 157 74 128
1.11172901921 159 62 159
1.11324570273 139 59 141
1.11476238625 150 70 160
1.11627906977 139 65 172
1.11779575329 134 53 145
1.1193124368 138 54 156
1.12082912032 142 56 165
1.12234580384 147 66 158
1.12386248736 158 73 161
1.12537917088 142 55 172
1.1268958544 155 75 141
1.12841253792 149 64 138
1.12992922144 136 59 141
1.13144590495 151 64 139
1.13296258847 157 68 153
1.13447927199 139 66 139
1.13599595551 138 67 164
1.13751263903 153 74 135
1.13902932255 154 66 142
1.14054600607 142 57 134
1.14206268959 162 72 150
1.1435793731 149 62 132
1.14509605662 160 61 149
1.14661274014 165 79 144
1.14812942366 141 56 133
1.14964610718 137 59 147
1.1511627907 130 54 157
1.15267947422 148 69 163
1.15419615774 131 54 140
1.15571284125 167 70 157
1.15722952477 144 55 139
1.15874620829 185 68 150
1.16026289181 159 56 161
1.16177957533 148 68 152
1.16329625885 170 74 160
1.16481294237 148 67 171
1.16632962588 161 72 145
1.1678463094 142 67 141
1.16936299292 151 60 177
1.17087967644 153 67 142
1.17239635996 181 83 133
1.17391304348 171 70 142
1.175429727 167 73 135
1.17694641052 149 66 147
1.17846309403 131 55 153
1.17997977755 161 76 181
1.18149646107 155 69 139
1.18301314459 145 59 132
1.18452982811 147 62 139
1.18604651163 155 58 120
1.18756319515 129 49 151
1.18907987867 171 73 143
1.19059656218 157 78 157
1.1921132457 147 60 135
1.19362992922 147 57 137
1.19514661274 156 58 154
1.19666329626 157 69 136
1.19817997978 132 46 143
1.1996966633 166 68 143
1.20121334681 158 66 129
1.20273003033 140 59 144
1.20424671385 158 71 138
1.20576339737 137 66 159
1.20728008089 139 66 142
1.20879676441 136 67 135
1.21031344793 153 65 130
1.21183013145 147 54 128
1.21334681496 138 61 151
1.21486349848 145 59 150
1.216380182 154 62 140
1.21789686552 173 69 165
1.21941354904 150 59 148
1.22093023256 138 65 139
1.22244691608 130 42 136
1.2239635996 154 72 152
1.22548028311 155 61 174
1.22699696663 163 75 122
1.22851365015 165 74 121
1.23003033367 171 74 151
1.23154701719 163 76 143
1.23306370071 158 68 136
1.23458038423 155 59 138
1.23609706775 166 79 145
1.23761375126 144 59 123
1.23913043478 148 51 122
1.2406471183 144 55 126
1.24216380182 141 58 125
1.24368048534 156 60 136
1.24519716886 131 60 133
1.24671385238 149 54 161
1.24823053589 148 57 162
1.24974721941 143 59 138
1.25126390293 130 41 143
1.25278058645 150 49 135
1.25429726997 148 60 139
1.25581395349 162 62 144
1.25733063701 154 69 148
1.25884732053 159 73 159
1.26036400404 160 68 134
1.26188068756 142 66 153
1.26339737108 134 47 138
1.2649140546 177 74 138
1.26643073812 158 68 146
1.26794742164 164 59 139
1.26946410516 156 64 140
1.27098078868 152 62 142
1.27249747219 160 72 143
1.27401415571 139 49 133
1.27553083923 163 64 124
1.27704752275 151 61 153
1.27856420627 175 66 129
1.28008088979 155 60 131
1.28159757331 151 57 133
1.28311425683 156 65 157
1.28463094034 143 59 137
1.28614762386 139 43 138
1.28766430738 143 61 132
1.2891809909 158 56 132
1.29069767442 160 58 133
1.29221435794 155 62 147
1.29373104146 151 56 155
1.29524772497 173 73 105
1.29676440849 167 67 131
1.29828109201 157 44 132
1.29979777553 163 69 128
1.30131445905 140 54 139
1.30283114257 154 55 126
1.30434782609 151 65 136
1.30586450961 147 54 136
1.30738119312 140 52 148
1.30889787664 160 59 126
1.31041456016 155 61 138
1.31193124368 158 60 138
1.3134479272 153 56 142
1.31496461072 158 58 123
1.31648129424 137 61 135
1.31799797776 174 66 132
1.31951466127 156 59 139
1.32103134479 138 62 123
1.32254802831 149 50 131
1.32406471183 166 72 119
1.32558139535 148 57 136
1.32709807887 149 55 158
1.32861476239 137 56 134
1.3301314459 144 63 138
1.33164812942 143 54 142
1.33316481294 146 60 126
1.33468149646 160 60 148
1.33619817998 147 57 128
1.3377148635 186 71 132
1.33923154702 143 60 138
1.34074823054 160 62 133
1.34226491405 143 49 150
1.34378159757 122 51 145
1.34529828109 168 66 143
1.34681496461 159 51 130
1.34833164813 143 44 132
1.34984833165 141 61 105
1.35136501517 133 56 115
1.35288169869 154 62 117
1.3543983822 142 56 154
1.35591506572 133 61 120
1.35743174924 152 51 134
1.35894843276 145 53 128
1.36046511628 161 51 123
1.3619817998 134 39 119
1.36349848332 158 52 126
1.36501516684 164 72 148
1.36653185035 132 46 147
1.36804853387 132 59 116
1.36956521739 129 43 125
1.37108190091 172 65 150
1.37259858443 148 52 127
1.37411526795 167 59 125
1.37563195147 148 58 122
1.37714863498 148 53 141
1.3786653185 146 57 127
1.38018200202 138 54 130
1.38169868554 149 51 140
1.38321536906 154 55 115
1.38473205258 165 54 157
1.3862487361 154 55 131
1.38776541962 152 61 133
1.38928210313 147 54 147
1.39079878665 141 52 126
1.39231547017 163 69 124
1.39383215369 137 56 137
1.39534883721 174 63 129
1.39686552073 154 63 133
1.39838220425 154 56 129
1.39989888777 158 61 141
1.40141557128 160 62 117
1.4029322548 129 49 150
1.40444893832 152 56 127
1.40596562184 150 64 131
1.40748230536 166 62 130
1.40899898888 137 63 115
1.4105156724 160 61 144
1.41203235592 153 57 116
1.41354903943 159 59 122
1.41506572295 139 52 137
1.41658240647 155 57 140
1.41809908999 147 52 140
1.41961577351 153 53 137
1.42113245703 155 58 145
1.42264914055 148 55 136
1.42416582406 140 50 148
1.42568250758 172 52 141
1.4271991911 154 54 148
1.42871587462 121 48 140
1.43023255814 143 66 139
1.43174924166 168 68 113
1.43326592518 167 69 143
1.4347826087 150 56 135
1.43629929221 162 65 139
1.43781597573 160 56 119
1.43933265925 134 50 137
1.44084934277 148 63 135
1.44236602629 153 49 128
1.44388270981 155 63 102
1.44539939333 143 49 150
1.44691607685 141 52 130
1.44843276036 152 52 145
1.44994944388 156 52 153
1.4514661274 142 50 122
1.45298281092 142 47 129
1.45449949444 137 55 125
1.45601617796 155 53 153
1.45753286148 158 65 144
1.45904954499 143 67 148
1.46056622851 159 74 144
1.46208291203 135 46 126
1.46359959555 171 61 132
1.46511627907 152 56 130
1.46663296259 167 74 106
1.46814964611 165 56 138
1.46966632963 150 63 147
1.47118301314 164 66 147
1.47269969666 162 51 128
1.47421638018 175 59 141
1.4757330637 132 45 135
1.47724974722 178 61 125
1.47876643074 153 55 145
1.48028311426 166 60 126
1.48179979778 147 56 129
1.48331648129 164 66 147
1.48483316481 163 54 134
1.48634984833 142 58 104
1.48786653185 135 49 125
1.48938321537 150 60 99
1.49089989889 166 54 141
1.49241658241 175 63 142
1.49393326593 158 55 119
1.49544994944 148 57 138
1.49696663296 132 44 118
1.49848331648 143 46 145
1.5 145 49 137
1.50151668352 155 61 120
1.50303336704 151 55 130
1.50455005056 151 52 103
1.50606673407 140 67 156
1.50758341759 147 50 136
1.50910010111 155 54 123
1.51061678463 174 60 137
1.51213346815 154 54 119
1.51365015167 147 51 118
1.51516683519 156 52 123
1.51668351871 148 62 125
1.51820020222 166 65 107
1.51971688574 150 59 123
1.52123356926 159 52 136
1.52275025278 169 62 122
1.5242669363 138 50 121
1.52578361982 156 58 133
1.52730030334 173 59 124
1.52881698686 155 53 126
1.53033367037 126 43 130
1.53185035389 138 39 128
1.53336703741 153 52 128
1.53488372093 152 50 116
1.53640040445 154 57 110
1.53791708797 157 61 137
1.53943377149 140 53 116
1.54095045501 150 53 126
1.54246713852 136 54 127
1.54398382204 173 58 121
1.54550050556 140 54 134
1.54701718908 127 42 140
1.5485338726 146 53 104
1.55005055612 161 44 124
1.55156723964 154 56 113
1.55308392315 149 48 150
1.55460060667 161 61 122
1.55611729019 162 48 127
1.55763397371 157 62 127
1.55915065723 142 35 143
1.56066734075 144 54 121
1.56218402427 138 36 137
1.56370070779 143 53 141
1.5652173913 158 57 138
1.56673407482 133 42 129
1.56825075834 134 52 127
1.56976744186 147 54 116
1.57128412538 166 57 147
1.5728008089 134 53 134
1.57431749242 168 59 124
1.57583417594 154 61 133
1.57735085945 159 64 121
1.57886754297 151 58 137
1.58038422649 147 49 150
1.58190091001 152 56 131
1.58341759353 167 68 107
1.58493427705 151 55 136
1.58645096057 141 48 152
1.58796764408 168 64 104
1.5894843276 141 59 127
1.59100101112 181 65 133
1.59251769464 157 61 128
1.59403437816 149 44 126
1.59555106168 142 48 123
1.5970677452 164 62 137
1.59858442872 162 56 125
1.60010111223 128 46 136
1.60161779575 139 51 146
1.60313447927 158 63 126
1.60465116279 154 56 100
1.60616784631 141 52 117
1.60768452983 164 67 124
1.60920121335 150 56 126
1.61071789687 144 52 112
1.61223458038 169 58 129
1.6137512639 129 49 141
1.61526794742 137 43 130
1.61678463094 138 52 129
1.61830131446 156 54 133
1.61981799798 158 73 110
1.6213346815 164 60 125
1.62285136502 144 37 122
1.62436804853 134 63 106
1.62588473205 138 47 123
1.62740141557 141 49 127
1.62891809909 167 62 114
1.63043478261 150 45 122
1.63195146613 157 57 135
1.63346814965 149 53 133
1.63498483316 134 49 114
1.63650151668 148 48 108
1.6380182002 167 57 139
1.63953488372 160 56 122
1.64105156724 167 45 126
1.64256825076 178 62 128
1.64408493428 150 57 120
1.6456016178 147 43 122
1.64711830131 135 38 103
1.64863498483 182 63 123
1.65015166835 164 58 122
1.65166835187 147 55 123
1.65318503539 172 60 117
1.65470171891 169 60 127
1.65621840243 144 52 118
1.65773508595 150 53 110
1.65925176946 152 45 120
1.66076845298 160 57 103
1.6622851365 150 59 129
1.66380182002 163 52 128
1.66531850354 140 55 127
1.66683518706 150 58 132
1.66835187058 154 50 122
1.6698685541 155 53 133
1.67138523761 154 52 125
1.67290192113 139 47 124
1.67441860465 153 56 117
1.67593528817 144 47 107
1.67745197169 161 65 138
1.67896865521 155 57 104
1.68048533873 160 57 136
1.68200202224 143 49 136
1.68351870576 180 54 122
1.68503538928 154 57 139
1.6865520728 146 54 122
1.68806875632 144 52 111
1.68958543984 156 52 134
1.69110212336 156 41 127
1.69261880688 163 55 125
1.69413549039 130 51 132
1.69565217391 158 74 113
1.69716885743 159 65 127
1.69868554095 133 53 123
1.70020222447 171 55 101
1.70171890799 161 56 123
1.70323559151 162 50 116
1.70475227503 155 53 98
1.70626895854 153 54 115
1.70778564206 157 53 117
1.70930232558 163 49 158
1.7108190091 141 44 117
1.71233569262 149 47 105
1.71385237614 154 40 137
1.71536905966 135 48 128
1.71688574317 139 46 119
1.71840242669 159 43 133
1.71991911021 170 70 124
1.72143579373 133 48 107
1.72295247725 149 50 87
1.72446916077 140 46 108
1.72598584429 156 51 129
1.72750252781 150 52 124
1.72901921132 160 68 137
1.73053589484 153 60 135
1.73205257836 145 46 134
1.73356926188 139 34 108
1.7350859454 151 45 128
1.73660262892 169 56 128
1.73811931244 142 45 126
1.73963599596 146 48 125
1.74115267947 161 73 111
1.74266936299 141 58 118
1.74418604651 168 55 134
1.74570273003 161 54 153
1.74721941355 137 43 118
1.74873609707 142 58 129
1.75025278059 153 54 119
1.75176946411 158 46 112
1.75328614762 151 49 120
1.75480283114 156 55 108
1.75631951466 167 59 122
1.75783619818 180 62 138
1.7593528817 148 48 96
1.76086956522 156 44 102
1.76238624874 160 61 137
1.76390293225 162 48 106
1.76541961577 145 39 120
1.76693629929 151 45 138
1.76845298281 151 45 122
1.76996966633 154 51 123
1.77148634985 171 45 129
1.77300303337 167 65 115
1.77451971689 149 51 119
1.7760364004 131 43 136
1.77755308392 158 50 111
1.77906976744 142 41 109
1.78058645096 155 52 124
1.78210313448 140 45 117
1.783619818 147 49 118
1.78513650152 147 55 129
1.78665318504 191 63 125
1.78816986855 150 45 118
1.78968655207 136 50 113
1.79120323559 145 51 115
1.79271991911 139 43 133
1.79423660263 161 40 116
1.79575328615 148 51 121
1.79726996967 164 56 100
1.79878665319 140 49 111
1.8003033367 168 50 123
1.80182002022 141 48 101
1.80333670374 177 63 140
1.80485338726 133 47 122
1.80637007078 144 44 114
1.8078867543 163 52 107
1.80940343782 148 45 120
1.81092012133 142 53 120
1.81243680485 128 39 129
1.81395348837 154 57 116
1.81547017189 149 49 110
1.81698685541 159 50 135
1.81850353893 156 47 83
1.82002022245 152 42 140
1.82153690597 177 64 92
1.82305358948 168 54 121
1.824570273 137 40 135
1.82608695652 156 42 102
1.82760364004 145 62 124
1.82912032356 139 44 109
1.83063700708 154 56 138
1.8321536906 149 46 125
1.83367037412 167 44 115
1.83518705763 200 75 101
1.83670374115 126 40 102
1.83822042467 157 49 113
1.83973710819 153 41 133
1.84125379171 156 68 120
1.84277047523 146 50 117
1.84428715875 152 49 101
1.84580384226 142 43 109
1.84732052578 159 43 134
1.8488372093 149 39 129
1.85035389282 129 48 131
1.85187057634 170 61 142
1.85338725986 145 57 117
1.85490394338 143 44 114
1.8564206269 145 33 100
1.85793731041 146 47 112
1.85945399393 140 54 115
1.86097067745 131 47 123
1.86248736097 169 65 111
1.86400404449 171 67 99
1.86552072801 138 50 88
1.86703741153 143 38 99
1.86855409505 175 57 105
1.87007077856 158 55 116
1.87158746208 145 39 113
1.8731041456 159 49 101
1.87462082912 156 50 95
1.87613751264 156 57 113
1.87765419616 160 46 114
1.87917087968 141 50 119
1.8806875632 151 49 85
1.88220424671 129 48 115
1.88372093023 159 46 138
1.88523761375 126 33 117
1.88675429727 138 46 116
1.88827098079 139 45 108
1.88978766431 159 44 117
1.89130434783 155 50 98
1.89282103134 130 35 123
1.89433771486 148 65 100
1.89585439838 150 47 114
1.8973710819 137 58 124
1.89888776542 137 39 111
1.90040444894 154 47 118
1.90192113246 139 37 121
1.90343781598 158 56 117
1.90495449949 174 49 136
1.90647118301 145 42 114
1.90798786653 147 53 112
1.90950455005 137 51 130
1.91102123357 163 51 121
1.91253791709 153 47 143
1.91405460061 140 45 107
1.91557128413 155 62 126
1.91708796764 162 58 120
1.91860465116 133 36 113
1.92012133468 159 63 133
1.9216380182 158 47 113
1.92315470172 154 56 104
1.92467138524 138 45 120
1.92618806876 148 52 123
1.92770475228 154 54 100
1.92922143579 141 53 123
1.93073811931 158 42 114
1.93225480283 156 51 107
1.93377148635 150 52 120
1.93528816987 132 33 116
1.93680485339 149 50 122
1.93832153691 145 42 116
1.93983822042 135 40 106
1.94135490394 159 52 117
1.94287158746 144 45 104
1.94438827098 164 62 119
1.9459049545 143 44 117
1.94742163802 136 47 111
1.94893832154 155 42 101
1.95045500506 159 56 132
1.95197168857 160 55 110
1.95348837209 138 48 116
1.95500505561 165 49 111
1.95652173913 166 51 131
1.95803842265 151 44 116
1.95955510617 157 52 126
1.96107178969 155 46 120
1.96258847321 144 33 129
1.96410515672 155 56 94
1.96562184024 149 53 115
1.96713852376 161 61 106
1.96865520728 172 56 114
1.9701718908 172 50 110
1.97168857432 171 51 90
1.97320525784 144 47 106
1.97472194135 145 42 113
1.97623862487 141 38 117
1.97775530839 148 38 113
1.97927199191 149 56 127
1.98078867543 171 45 108
1.98230535895 155 42 95
1.98382204247 138 33 123
1.98533872599 167 43 100
1.9868554095 163 54 106
1.98837209302 153 41 105
1.98988877654 155 50 120
1.99140546006 161 48 107
1.99292214358 149 30 103
1.9944388271 164 57 97
1.99595551062 166 48 113
1.99747219414 141 38 105
1.99898887765 152 53 115
2.00050556117 166 44 113
2.00202224469 157 50 112
2.00353892821 141 43 131
2.00505561173 125 32 92
2.00657229525 166 40 99
2.00808897877 164 52 92
2.00960566229 148 44 95
2.0111223458 145 40 94
2.01263902932 159 47 90
2.01415571284 156 59 86
2.01567239636 147 43 105
2.01718907988 160 45 90
2.0187057634 173 52 93
2.02022244692 150 39 94
2.02173913043 163 57 110
2.02325581395 156 52 96
2.02477249747 155 37 95
2.02628918099 164 48 81
2.02780586451 144 44 94
2.02932254803 158 37 102
2.03083923155 158 50 93
2.03235591507 154 54 73
2.03387259858 143 53 87
2.0353892821 137 43 90
2.03690596562 146 36 75
2.03842264914 147 46 102
2.03993933266 147 50 88
2.04145601618 144 44 92
2.0429726997 138 43 84
2.04448938322 147 35 98
2.04600606673 166 44 83
2.04752275025 133 34 92
2.04903943377 171 52 84
2.05055611729 137 50 88
2.05207280081 160 40 82
2.05358948433 166 47 87
2.05510616785 136 43 67
2.05662285137 144 36 92
2.05813953488 143 41 86
2.0596562184 145 36 78
2.06117290192 150 46 105
2.06268958544 137 41 91
2.06420626896 145 38 102
2.06572295248 142 36 106
2.067239636 150 34 80
2.06875631951 143 47 91
2.07027300303 140 32 87
2.07178968655 183 63 84
2.07330637007 170 42 95
2.07482305359 150 39 75
2.07633973711 166 49 88
2.07785642063 155 52 87
2.07937310415 150 45 108
2.08088978766 147 48 93
2.08240647118 149 34 108
2.0839231547 161 46 86
2.08543983822 144 34 95
2.08695652174 139 39 93
2.08847320526 165 50 101
2.08998988878 163 46 91
2.0915065723 154 54 95
2.09302325581 183 67 86
2.09453993933 168 56 85
2.09605662285 153 44 88
2.09757330637 142 47 84
2.09908998989 133 45 66
2.10060667341 159 54 93
2.10212335693 153 43 88
2.10364004044 157 40 84
2.10515672396 149 45 96
2.10667340748 131 42 87
2.108190091 169 45 82
2.10970677452 131 35 93
2.11122345804 146 31 85
2.11274014156 145 43 77
2.11425682508 169 52 86
2.11577350859 138 40 94
2.11729019211 150 53 82
2.11880687563 140 39 91
2.12032355915 169 54 89
2.12184024267 162 44 84
2.12335692619 157 38 97
2.12487360971 146 38 89
2.12639029323 160 50 91
2.12790697674 146 45 73
2.12942366026 160 49 82
2.13094034378 168 44 87
2.1324570273 161 43 95
2.13397371082 163 47 81
2.13549039434 142 40 98
2.13700707786 169 42 81
2.13852376138 145 34 87
2.14004044489 146 49 77
2.14155712841 146 41 73
2.14307381193 160 42 92
2.14459049545 162 46 90
2.14610717897 157 46 97
2.14762386249 159 52 94
2.14914054601 160 38 89
2.15065722952 140 34 66
2.15217391304 135 36 88
2.15369059656 172 47 86
2.15520728008 161 52 101
2.1567239636 161 51 75
2.15824064712 163 56 72
2.15975733064 167 48 72
2.16127401416 151 32 69
2.16279069767 160 53 84
2.16430738119 159 43 85
2.16582406471 180 63 78
2.16734074823 150 45 95
2.16885743175 121 33 71
2.17037411527 140 41 85
2.17189079879 138 27 90
2.17340748231 138 42 82
2.17492416582 138 37 84
2.17644084934 144 45 98
2.17795753286 164 51 67
2.17947421638 148 43 68
2.1809908999 166 42 88
2.18250758342 151 50 72
2.18402426694 157 44 95
2.18554095046 145 46 89
2.18705763397 132 38 80
2.18857431749 168 46 89
2.19009100101 128 28 78
2.19160768453 149 41 81
2.19312436805 128 34 81
2.19464105157 144 45 84
2.19615773509 193 56 87
2.1976744186 173 41 76
2.19919110212 160 44 91
2.20070778564 156 47 79
2.20222446916 146 34 79
2.20374115268 162 45 97
2.2052578362 147 38 79
2.20677451972 148 40 91
2.20829120324 137 46 91
2.20980788675 150 43 74
2.21132457027 156 43 83
2.21284125379 170 42 68
2.21435793731 142 52 86
2.21587462083 161 47 87
2.21739130435 161 40 79
2.21890798787 150 42 88
2.22042467139 137 41 95
2.2219413549 139 47 92
2.22345803842 152 35 83
2.22497472194 136 39 85
2.22649140546 143 43 86
2.22800808898 155 47 73
2.2295247725 147 37 92
2.23104145602 164 54 93
2.23255813953 151 46 93
2.23407482305 144 45 78
2.23559150657 163 33 97
2.23710819009 178 47 75
2.23862487361 153 41 76
2.24014155713 153 36 86
2.24165824065 147 50 87
2.24317492417 165 52 88
2.24469160768 149 48 72
2.2462082912 167 55 83
2.24772497472 154 38 78
2.24924165824 132 33 101
2.25075834176 155 50 88
2.25227502528 136 46 74
2.2537917088 157 41 72
2.25530839232 142 33 81
2.25682507583 165 42 76
2.25834175935 162 45 95
2.25985844287 152 46 89
2.26137512639 158 48 88
2.26289180991 154 49 80
2.26440849343 155 40 76
2.26592517695 150 45 81
2.26744186047 162 37 84
2.26895854398 149 41 70
2.2704752275 158 58 98
2.27199191102 143 39 100
2.27350859454 170 52 77
2.27502527806 153 42 84
2.27654196158 148 39 71
2.2780586451 152 48 92
2.27957532861 139 36 80
2.28109201213 171 54 88
2.28260869565 181 67 81
2.28412537917 143 45 76
2.28564206269 147 34 72
2.28715874621 146 41 87
2.28867542973 156 43 77
2.29019211325 155 48 86
2.29170879676 156 54 68
2.29322548028 167 44 58
2.2947421638 148 45 77
2.29625884732 145 38 91
2.29777553084 161 48 77
2.29929221436 167 37 68
2.30080889788 136 38 73
2.3023255814 144 42 84
2.30384226491 151 32 75
2.30535894843 164 37 82
2.30687563195 165 51 76
2.30839231547 176 48 78
2.30990899899 147 34 85
2.31142568251 142 37 87
2.31294236603 167 44 77
2.31445904954 160 32 92
2.31597573306 157 47 84
2.31749241658 152 42 70
2.3190091001 150 34 75
2.32052578362 161 47 72
2.32204246714 134 27 78
2.32355915066 154 42 75
2.32507583418 170 48 69
2.32659251769 148 40 68
2.32810920121 134 35 75
2.32962588473 152 45 71
2.33114256825 135 37 80
2.33265925177 164 49 85
2.33417593529 154 38 73
2.33569261881 144 30 85
2.33720930233 152 27 72
2.33872598584 149 38 75
2.34024266936 133 34 72
2.34175935288 135 36 82
2.3432760364 150 42 70
2.34479271992 145 44 66
2.34630940344 159 46 69
2.34782608696 120 29 77
2.34934277048 148 43 65
2.35085945399 143 40 81
2.35237613751 172 56 81
2.35389282103 163 45 66
2.35540950455 151 43 87
2.35692618807 131 28 85
2.35844287159 167 48 59
2.35995955511 147 31 93
2.36147623862 157 42 63
2.36299292214 148 46 60
2.36450960566 157 38 108
2.36602628918 131 45 81
2.3675429727 150 38 80
2.36905965622 145 34 73
2.37057633974 158 40 61
2.37209302326 160 36 79
2.37360970677 137 34 93
2.37512639029 170 46 77
2.37664307381 158 46 86
2.37815975733 156 46 78
2.37967644085 131 37 72
2.38119312437 134 34 85
2.38270980789 142 33 68
2.38422649141 156 51 93
2.38574317492 156 43 80
2.38725985844 151 43 71
2.38877654196 157 43 77
2.39029322548 144 37 68
2.391809909 189 49 83
2.39332659252 130 46 72
2.39484327604 165 49 74
2.39635995956 172 51 88
2.39787664307 147 46 94
2.39939332659 142 39 61
2.40091001011 159 36 72
2.40242669363 160 44 65
2.40394337715 140 38 77
2.40546006067 145 45 61
2.40697674419 121 31 65
2.4084934277 160 53 74
2.41001011122 154 43 76
2.41152679474 138 42 79
2.41304347826 140 41 68
2.41456016178 139 44 82
2.4160768453 150 32 64
2.41759352882 165 45 69
2.41911021234 130 38 71
2.42062689585 155 40 75
2.42214357937 135 33 82
2.42366026289 162 42 66
2.42517694641 143 40 77
2.42669362993 160 34 75
2.42821031345 134 39 71
2.42972699697 142 39 80
2.43124368049 150 49 66
2.432760364 147 45 68
2.43427704752 135 35 60
2.43579373104 166 37 68
2.43731041456 160 42 64
2.43882709808 163 44 71
2.4403437816 159 41 72
2.44186046512 150 45 60
2.44337714863 156 37 81
2.44489383215 165 47 83
2.44641051567 161 37 67
2.44792719919 159 32 84
2.44944388271 157 32 61
2.45096056623 136 38 68
2.45247724975 148 41 81
2.45399393327 140 44 59
2.45551061678 165 44 62
2.4570273003 157 42 79
2.45854398382 157 49 69
2.46006066734 149 33 76
2.46157735086 171 39 77
2.46309403438 149 36 57
2.4646107179 153 37 73
2.46612740142 149 37 66
2.46764408493 148 38 81
2.46916076845 150 36 65
2.47067745197 133 31 55
2.47219413549 163 52 74
2.47371081901 133 35 59
2.47522750253 162 35 72
2.47674418605 162 42 79
2.47826086957 155 38 68
2.47977755308 142 46 80
2.4812942366 158 34 62
2.48281092012 137 35 78
2.48432760364 146 32 68
2.48584428716 154 38 75
2.48736097068 144 48 61
2.4888776542 151 43 73
2.49039433771 151 43 81
2.49191102123 157 42 70
2.49342770475 149 38 81
2.49494438827 138 31 62
2.49646107179 150 53 71
2.49797775531 158 44 69
2.49949443883 141 36 76
2.50101112235 171 45 84
2.50252780586 145 39 71
2.50404448938 147 43 78
2.5055611729 168 33 73
2.50707785642 143 31 59
2.50859453994 166 40 67
2.51011122346 172 49 72
2.51162790698 148 40 62
2.5131445905 156 48 69
2.51466127401 135 34 51
2.51617795753 160 46 86
2.51769464105 163 39 62
2.51921132457 147 36 72
2.52072800809 154 44 66
2.52224469161 149 40 61
2.52376137513 151 37 77
2.52527805865 148 26 87
2.52679474216 154 44 63
2.52831142568 150 36 64
2.5298281092 151 42 60
2.53134479272 151 40 73
2.53286147624 134 40 71
2.53437815976 162 40 80
2.53589484328 174 40 62
2.53741152679 148 34 68
2.53892821031 134 39 72
2.54044489383 164 40 58
2.54196157735 163 45 66
2.54347826087 148 43 60
2.54499494439 161 51 73
2.54651162791 141 36 67
2.54802831143 130 36 61
2.54954499494 144 50 72
2.55106167846 165 40 66
2.55257836198 147 38 57
2.5540950455 159 30 58
2.55561172902 140 39 61
2.55712841254 148 37 72
2.55864509606 137 40 52
2.56016177958 135 40 67
2.56167846309 166 39 67
2.56319514661 154 32 61
2.56471183013 120 20 48
2.56622851365 155 43 63
2.56774519717 152 37 78
2.56926188069 150 30 56
2.57077856421 147 37 87
2.57229524772 159 44 61
2.57381193124 140 40 61
2.57532861476 143 28 51
2.57684529828 167 38 58
2.5783619818 164 49 59
2.57987866532 175 43 79
2.58139534884 156 52 67
2.58291203236 145 37 74
2.58442871587 167 46 66
2.58594539939 145 33 62
2.58746208291 130 40 56
2.58897876643 140 36 64
2.59049544995 165 46 66
2.59201213347 164 49 67
2.59352881699 141 38 57
2.59504550051 141 35 55
2.59656218402 157 35 58
2.59807886754 160 49 53
2.59959555106 168 36 60
2.60111223458 156 40 55
2.6026289181 158 38 54
2.60414560162 157 37 55
2.60566228514 162 35 67
2.60717896866 149 29 46
2.60869565217 147 28 60
2.61021233569 158 45 64
2.61172901921 152 29 53
2.61324570273 161 37 41
2.61476238625 149 37 55
2.61627906977 146 38 76
2.61779575329 140 29 52
2.6193124368 142 35 58
2.62082912032 157 42 52
2.62234580384 137 31 60
2.62386248736 141 36 65
2.62537917088 128 28 60
2.6268958544 159 49 63
2.62841253792 140 39 61
2.62992922144 135 33 47
2.63144590495 160 36 65
2.63296258847 139 37 58
2.63447927199 196 51 67
2.63599595551 150 37 63
2.63751263903 164 38 68
2.63902932255 137 42 48
2.64054600607 135 35 60
2.64206268959 140 37 58
2.6435793731 148 37 58
2.64509605662 175 37 63
2.64661274014 158 53 60
2.64812942366 150 34 44
2.64964610718 135 36 55
2.6511627907 144 31 63
2.65267947422 152 42 71
2.65419615774 150 38 58
2.65571284125 165 41 58
2.65722952477 158 39 61
2.65874620829 135 32 61
2.66026289181 150 31 42
2.66177957533 153 51 52
2.66329625885 151 38 58
2.66481294237 157 46 53
2.66632962588 152 36 57
2.6678463094 146 35 46
2.66936299292 141 36 56
2.67087967644 158 28 45
2.67239635996 128 29 63
2.67391304348 122 30 50
2.675429727 175 43 68
2.67694641052 130 32 52
2.67846309403 170 42 37
2.67997977755 135 35 70
2.68149646107 160 41 57
2.68301314459 132 28 78
2.68452982811 143 41 55
2.68604651163 159 50 51
2.68756319515 159 38 54
2.68907987867 129 25 42
2.69059656218 139 37 52
2.6921132457 168 46 53
2.69362992922 176 46 57
2.69514661274 159 42 39
2.69666329626 152 41 58
2.69817997978 150 38 66
2.6996966633 127 25 57
2.70121334681 155 38 50
2.70273003033 152 34 70
2.70424671385 152 37 64
2.70576339737 136 30 62
2.70728008089 145 34 50
2.70879676441 174 48 56
2.71031344793 154 44 59
2.71183013145 128 33 54
2.71334681496 151 37 58
2.71486349848 176 48 51
2.716380182 154 37 55
2.71789686552 139 38 56
2.71941354904 156 36 61
2.72093023256 181 50 50
2.72244691608 152 33 56
2.7239635996 163 42 55
2.72548028311 143 38 49
2.72699696663 147 34 58
2.72851365015 132 36 55
2.73003033367 161 45 51
2.73154701719 163 35 47
2.73306370071 137 44 43
2.73458038423 154 34 49
2.73609706775 169 40 48
2.73761375126 131 38 64
2.73913043478 162 36 32
2.7406471183 131 33 50
2.74216380182 151 46 52
2.74368048534 141 23 54
2.74519716886 139 37 44
2.74671385238 145 40 61
2.74823053589 170 47 57
2.74974721941 147 35 51
2.75126390293 145 29 64
2.75278058645 143 42 52
2.75429726997 160 43 56
2.75581395349 139 37 40
2.75733063701 157 41 51
2.75884732053 171 53 49
2.76036400404 157 43 41
2.76188068756 155 46 50
2.76339737108 166 43 38
2.7649140546 165 45 34
2.76643073812 145 37 51
2.76794742164 155 34 47
2.76946410516 143 46 38
2.77098078868 175 38 58
2.77249747219 141 21 57
2.77401415571 152 34 45
2.77553083923 125 30 52
2.77704752275 154 35 56
2.77856420627 159 45 51
2.78008088979 148 28 47
2.78159757331 156 41 40
2.78311425683 186 45 50
2.78463094034 152 46 44
2.78614762386 158 44 61
2.78766430738 157 45 45
2.7891809909 164 45 42
2.79069767442 146 41 50
2.79221435794 146 36 46
2.79373104146 162 44 50
2.79524772497 161 41 42
2.79676440849 166 44 41
2.79828109201 165 39 45
2.79979777553 146 38 40
2.80131445905 138 35 30
2.80283114257 161 37 51
2.80434782609 169 35 40
2.80586450961 148 40 41
2.80738119312 138 34 42
2.80889787664 160 39 42
2.81041456016 162 33 50
2.81193124368 140 31 38
2.8134479272 151 36 46
2.81496461072 131 32 39
2.81648129424 148 45 57
2.81799797776 160 33 36
2.81951466127 175 29 47
2.82103134479 158 44 31
2.82254802831 159 31 46
2.82406471183 171 40 48
2.82558139535 165 32 51
2.82709807887 168 49 41
2.82861476239 157 36 45
2.8301314459 157 41 53
2.83164812942 150 24 47
2.83316481294 150 40 39
2.83468149646 162 39 40
2.83619817998 169 47 39
2.8377148635 152 40 43
2.83923154702 143 41 49
2.84074823054 158 46 60
2.84226491405 150 42 26
2.84378159757 145 34 44
2.84529828109 171 37 41
2.84681496461 132 31 37
2.84833164813 150 42 35
2.84984833165 155 42 38
2.85136501517 150 45 41
2.85288169869 163 35 38
2.8543983822 140 36 34
2.85591506572 139 33 38
2.85743174924 160 44 43
2.85894843276 146 29 39
2.86046511628 160 37 41
2.8619817998 143 28 32
2.86349848332 159 44 40
2.86501516684 164 32 39
2.86653185035 131 35 41
2.86804853387 137 37 38
2.86956521739 141 36 37
2.87108190091 179 38 36
2.87259858443 140 34 33
2.87411526795 147 30 40
2.87563195147 142 35 28
2.87714863498 157 42 40
2.8786653185 171 41 36
2.88018200202 148 33 29
2.88169868554 145 32 37
2.88321536906 150 28 37
2.88473205258 155 40 38
2.8862487361 142 28 39
2.88776541962 147 36 44
2.88928210313 154 35 37
2.89079878665 140 34 31
2.89231547017 141 32 33
2.89383215369 149 34 55
2.89534883721 127 29 32
2.89686552073 156 38 27
2.89838220425 180 43 37
2.89989888777 150 35 39
2.90141557128 132 32 56
2.9029322548 153 38 35
2.90444893832 153 41 53
2.90596562184 142 41 34
2.90748230536 157 27 28
2.90899898888 161 33 41
2.9105156724 136 33 42
2.91203235592 170 53 29
2.91354903943 189 44 36
2.91506572295 154 46 33
2.91658240647 131 33 40
2.91809908999 147 30 33
2.91961577351 134 34 33
2.92113245703 171 45 33
2.92264914055 164 35 40
2.92416582406 127 27 42
2.92568250758 154 34 41
2.9271991911 161 43 39
2.92871587462 161 34 37
2.93023255814 137 26 42
2.93174924166 127 31 45
2.93326592518 163 41 27
2.9347826087 158 40 36
2.93629929221 146 40 36
2.93781597573 181 35 41
2.93933265925 154 38 38
2.94084934277 174 39 41
2.94236602629 168 50 45
2.94388270981 144 31 32
2.94539939333 148 29 45
2.94691607685 165 37 32
2.94843276036 150 41 32
2.94994944388 153 44 29
2.9514661274 152 32 46
2.95298281092 157 39 39
2.95449949444 143 35 32
2.95601617796 154 45 33
2.95753286148 166 35 33
2.95904954499 172 37 31
2.96056622851 134 28 38
2.96208291203 146 41 37
2.96359959555 150 40 33
2.96511627907 150 33 28
2.96663296259 133 31 28
2.96814964611 155 35 32
2.96966632963 144 28 32
2.97118301314 144 34 39
2.97269969666 152 38 40
2.97421638018 144 35 44
2.9757330637 150 31 36
2.97724974722 137 29 42
2.97876643074 146 27 35
2.98028311426 147 34 31
2.98179979778 174 38 17
2.98331648129 174 38 30
2.98483316481 164 47 37
2.98634984833 160 38 30
2.98786653185 155 36 26
2.98938321537 132 36 41
2.99089989889 142 34 33
2.99241658241 128 24 42
2.99393326593 130 22 35
2.99544994944 149 31 38
2.99696663296 154 38 33
2.99848331648 3187 700 442
