0.0 0 0 99392
0.00150300601202 0 0 369
0.00300601202405 0 0 358
0.00450901803607 0 0 378
0.0060120240481 0 0 362
0.00751503006012 0 0 381
0.00901803607214 0 0 436
0.0105210420842 0 0 400
0.0120240480962 0 0 390
0.0135270541082 0 0 410
0.0150300601202 0 0 401
0.0165330661323 0 0 404
0.0180360721443 0 0 368
0.0195390781563 0 0 422
0.0210420841683 0 0 370
0.0225450901804 0 0 367
0.0240480961924 0 0 398
0.0255511022044 0 0 381
0.0270541082164 0 0 392
0.0285571142285 8 8 552
0.0300601202405 168 166 520
0.0315631262525 162 160 482
0.0330661322645 138 136 526
0.0345691382766 138 136 519
0.0360721442886 160 154 544
0.0375751503006 157 151 494
0.0390781563126 154 150 524
0.0405811623246 144 138 500
0.0420841683367 156 149 496
0.0435871743487 135 131 523
0.0450901803607 150 138 476
0.0465931863727 166 157 529
0.0480961923848 135 123 509
0.0495991983968 153 146 483
0.0511022044088 152 144 534
0.0526052104208 185 169 489
0.0541082164329 152 141 496
0.0556112224449 148 135 507
0.0571142284569 152 130 456
0.0586172344689 135 121 494
0.060120240481 164 137 509
0.061623246493 147 134 466
0.063126252505 134 116 441
0.064629258517 137 112 480
0.0661322645291 151 120 471
0.0676352705411 172 143 488
0.0691382765531 162 125 487
0.0706412825651 155 118 486
0.0721442885772 172 135 512
0.0736472945892 152 119 449
0.0751503006012 157 119 446
0.0766533066132 153 113 412
0.0781563126253 128 92 441
0.0796593186373 132 93 468
0.0811623246493 150 115 425
0.0826653306613 132 90 428
0.0841683366733 147 93 443
0.0856713426854 177 126 426
0.0871743486974 164 104 424
0.0886773547094 139 89 444
0.0901803607214 142 102 432
0.0916833667335 121 76 408
0.0931863727455 149 96 414
0.0946893787575 153 86 394
0.0961923847695 163 103 422
0.0976953907816 162 105 379
0.0991983967936 144 76 414
0.100701402806 172 85 350
0.102204408818 138 73 372
0.10370741483 144 74 367
0.105210420842 134 68 375
0.106713426854 128 66 398
0.108216432866 132 69 371
0.109719438878 143 61 395
0.11122244489 143 78 357
0.112725450902 146 63 391
0.114228456914 154 72 372
0.115731462926 166 76 357
0.117234468938 157 76 388
0.11873747495 151 74 369
0.120240480962 136 63 348
0.121743486974 154 67 364
0.123246492986 154 66 379
0.124749498998 158 73 356
0.12625250501 172 72 324
0.127755511022 127 41 387
0.129258517034 148 65 359
0.130761523046 158 80 373
0.132264529058 146 61 326
0.13376753507 153 51 311
0.135270541082 138 46 328
0.136773547094 164 56 326
0.138276553106 149 59 299
0.139779559118 147 59 308
0.14128256513 159 45 312
0.142785571142 150 44 330
0.144288577154 149 57 328
0.145791583166 174 68 319
0.147294589178 146 44 309
0.14879759519 135 41 317
0.150300601202 153 40 305
0.151803607214 154 39 296
0.153306613226 141 39 305
0.154809619238 147 45 302
0.156312625251 148 40 293
0.157815631263 156 53 295
0.159318637275 130 37 301
0.160821643287 153 44 272
0.162324649299 152 40 265
0.163827655311 146 39 303
0.165330661323 160 52 288
0.166833667335 160 39 305
0.168336673347 147 39 282
0.169839679359 172 48 280
0.171342685371 173 42 299
0.172845691383 149 32 265
0.174348697395 154 32 262
0.175851703407 144 33 290
0.177354709419 170 47 290
0.178857715431 154 34 292
0.180360721443 170 48 264
0.181863727455 143 23 271
0.183366733467 168 33 259
0.184869739479 143 33 250
0.186372745491 170 45 290
0.187875751503 134 29 256
0.189378757515 156 30 240
0.190881763527 139 23 278
0.192384769539 132 30 265
0.193887775551 172 36 294
0.195390781563 148 29 272
0.196893787575 169 40 271
0.198396793587 166 35 262
0.199899799599 161 34 244
0.201402805611 140 32 261
0.202905811623 166 31 249
0.204408817635 150 21 243
0.205911823647 170 35 270
0.207414829659 159 32 251
0.208917835671 159 33 243
0.210420841683 146 19 228
0.211923847695 152 24 264
0.213426853707 141 33 261
0.214929859719 130 19 260
0.216432865731 144 27 255
0.217935871743 150 23 214
0.219438877756 159 28 233
0.220941883768 149 18 247
0.22244488978 134 25 232
0.223947895792 157 28 275
0.225450901804 167 32 230
0.226953907816 147 27 231
0.228456913828 156 24 253
0.22995991984 147 22 226
0.231462925852 134 16 255
0.232965931864 146 25 216
0.234468937876 144 18 276
0.235971943888 146 21 230
0.2374749499 150 24 237
0.238977955912 148 22 268
0.240480961924 153 25 245
0.241983967936 170 28 226
0.243486973948 144 18 211
0.24498997996 154 26 250
0.246492985972 177 32 227
0.247995991984 150 37 239
0.249498997996 151 22 223
0.251002004008 144 28 215
0.25250501002 164 25 209
0.254008016032 159 21 227
0.255511022044 132 18 187
0.257014028056 150 15 199
0.258517034068 143 20 247
0.26002004008 166 25 189
0.261523046092 136 22 221
0.263026052104 158 26 223
0.264529058116 149 24 211
0.266032064128 143 20 216
0.26753507014 156 24 231
0.269038076152 163 26 209
0.270541082164 159 20 195
0.272044088176 161 24 196
0.273547094188 148 19 223
0.2750501002 143 13 201
0.276553106212 151 22 215
0.278056112224 164 20 214
0.279559118236 162 17 220
0.281062124248 169 31 206
0.282565130261 149 14 200
0.284068136273 138 18 212
0.285571142285 145 18 199
0.287074148297 155 23 249
0.288577154309 149 25 190
0.290080160321 139 15 181
0.291583166333 144 11 192
0.293086172345 148 21 180
0.294589178357 148 20 222
0.296092184369 150 22 198
0.297595190381 141 22 182
0.299098196393 138 15 214
0.300601202405 167 24 210
0.302104208417 136 14 196
0.303607214429 166 21 209
0.305110220441 150 17 164
0.306613226453 137 7 195
0.308116232465 133 22 189
0.309619238477 147 13 213
0.311122244489 160 21 198
0.312625250501 152 18 191
0.314128256513 150 19 198
0.315631262525 146 19 192
0.317134268537 150 10 205
0.318637274549 153 15 203
0.320140280561 162 15 167
0.321643286573 146 15 196
0.323146292585 151 21 211
0.324649298597 166 22 191
0.326152304609 143 17 172
0.327655310621 148 12 198
0.329158316633 142 21 202
0.330661322645 157 18 171
0.332164328657 154 12 185
0.333667334669 183 24 193
0.335170340681 139 9 181
0.336673346693 151 15 182
0.338176352705 151 19 188
0.339679358717 156 16 187
0.341182364729 164 17 212
0.342685370741 123 11 175
0.344188376754 152 19 174
0.345691382766 138 14 185
0.347194388778 164 11 198
0.34869739479 125 12 170
0.350200400802 159 18 187
0.351703406814 143 16 158
0.353206412826 138 14 172
0.354709418838 140 8 192
0.35621242485 160 24 189
0.357715430862 139 15 180
0.359218436874 160 13 179
0.360721442886 140 14 186
0.362224448898 162 11 168
0.36372745491 150 16 168
0.365230460922 153 3 179
0.366733466934 133 16 168
0.368236472946 150 11 193
0.369739478958 156 18 185
0.37124248497 157 13 173
0.372745490982 146 8 172
0.374248496994 159 13 184
0.375751503006 158 19 162
0.377254509018 141 13 173
0.37875751503 130 7 180
0.380260521042 156 7 174
0.381763527054 165 14 176
0.383266533066 132 11 166
0.384769539078 177 17 171
0.38627254509 131 16 204
0.387775551102 143 15 165
0.389278557114 146 13 196
0.390781563126 143 16 163
0.392284569138 145 12 187
0.39378757515 155 16 176
0.395290581162 157 7 175
0.396793587174 148 10 184
0.398296593186 151 15 161
0.399799599198 162 17 195
0.40130260521 142 19 156
0.402805611222 166 17 170
0.404308617234 139 9 171
0.405811623246 166 12 166
0.407314629259 129 7 181
0.408817635271 136 11 137
0.410320641283 142 15 156
0.411823647295 150 10 165
0.413326653307 163 13 180
0.414829659319 156 11 168
0.416332665331 142 10 152
0.417835671343 150 10 170
0.419338677355 142 9 169
0.420841683367 154 12 167
0.422344689379 160 9 165
0.423847695391 157 15 178
0.425350701403 134 12 171
0.426853707415 156 20 174
0.428356713427 151 15 159
0.429859719439 173 7 161
0.431362725451 154 11 175
0.432865731463 122 12 164
0.434368737475 146 4 163
0.435871743487 161 15 186
0.437374749499 147 10 161
0.438877755511 143 13 187
0.440380761523 182 17 174
0.441883767535 152 8 152
0.443386773547 143 11 151
0.444889779559 155 7 161
0.446392785571 159 13 180
0.447895791583 151 9 175
0.449398797595 144 7 181
0.450901803607 142 10 175
0.452404809619 138 9 161
0.453907815631 156 7 176
0.455410821643 142 9 169
0.456913827655 139 10 166
0.458416833667 142 14 152
0.459919839679 136 8 142
0.461422845691 147 8 160
0.462925851703 148 12 162
0.464428857715 137 14 151
0.465931863727 157 10 188
0.467434869739 133 16 160
0.468937875752 152 18 158
0.470440881764 132 7 138
0.471943887776 144 11 150
0.473446893788 145 13 145
0.4749498998 155 10 141
0.476452905812 148 11 168
0.477955911824 155 8 151
0.479458917836 145 7 155
0.480961923848 155 7 180
0.48246492986 131 5 147
0.483967935872 138 10 163
0.485470941884 138 5 156
0.486973947896 126 8 150
0.488476953908 147 14 179
0.48997995992 154 10 145
0.491482965932 151 8 152
0.492985971944 148 8 143
0.494488977956 144 8 164
0.495991983968 118 2 159
0.49749498998 141 6 178
0.498997995992 167 9 175
0.500501002004 151 18 136
0.502004008016 165 12 134
0.503507014028 161 10 137
0.50501002004 144 9 139
0.506513026052 173 9 162
0.508016032064 154 8 165
0.509519038076 146 13 172
0.511022044088 168 13 135
0.5125250501 145 5 143
0.514028056112 143 11 142
0.515531062124 162 13 163
0.517034068136 158 13 142
0.518537074148 150 10 143
0.52004008016 169 10 167
0.521543086172 158 14 138
0.523046092184 157 12 151
0.524549098196 150 12 163
0.526052104208 151 8 168
0.52755511022 151 15 141
0.529058116232 141 9 155
0.530561122244 163 12 174
0.532064128257 168 9 152
0.533567134269 169 10 116
0.535070140281 147 12 155
0.536573146293 143 11 155
0.538076152305 153 14 147
0.539579158317 159 10 139
0.541082164329 154 8 148
0.542585170341 149 4 152
0.544088176353 150 6 142
0.545591182365 150 5 162
0.547094188377 151 15 142
0.548597194389 118 13 144
0.550100200401 165 6 146
0.551603206413 136 10 141
0.553106212425 151 9 140
0.554609218437 146 9 145
0.556112224449 144 9 142
0.557615230461 148 12 127
0.559118236473 169 8 138
0.560621242485 159 6 125
0.562124248497 154 6 154
0.563627254509 155 9 140
0.565130260521 156 11 147
0.566633266533 150 14 124
0.568136272545 142 8 149
0.569639278557 148 10 140
0.571142284569 165 8 142
0.572645290581 172 10 167
0.574148296593 162 10 135
0.575651302605 142 11 140
0.577154308617 157 4 137
0.578657314629 141 5 132
0.580160320641 172 10 132
0.581663326653 150 11 133
0.583166332665 151 7 133
0.584669338677 176 7 119
0.586172344689 132 8 142
0.587675350701 119 6 135
0.589178356713 137 7 140
0.590681362725 154 8 138
0.592184368737 157 8 125
0.593687374749 183 8 161
0.595190380762 152 10 134
0.596693386774 143 9 133
0.598196392786 155 5 135
0.599699398798 150 9 138
0.60120240481 164 7 153
0.602705410822 154 8 149
0.604208416834 152 7 140
0.605711422846 133 10 145
0.607214428858 168 9 144
0.60871743487 148 8 149
0.610220440882 167 9 140
0.611723446894 156 9 157
0.613226452906 150 10 119
0.614729458918 169 15 119
0.61623246493 138 4 133
0.617735470942 151 7 133
0.619238476954 151 10 138
0.620741482966 158 12 144
0.622244488978 163 10 109
0.62374749499 141 6 126
0.625250501002 149 9 140
0.626753507014 140 9 115
0.628256513026 154 9 133
0.629759519038 150 9 133
0.63126252505 166 5 124
0.632765531062 150 3 124
0.634268537074 145 7 146
0.635771543086 155 6 134
0.637274549098 151 10 110
0.63877755511 131 5 131
0.640280561122 130 8 149
0.641783567134 147 6 125
0.643286573146 148 7 119
0.644789579158 154 6 121
0.64629258517 141 3 125
0.647795591182 145 8 137
0.649298597194 158 10 128
0.650801603206 157 6 142
0.652304609218 150 6 138
0.65380761523 171 8 122
0.655310621242 137 3 136
0.656813627255 162 4 131
0.658316633267 154 3 120
0.659819639279 161 11 149
0.661322645291 148 3 147
0.662825651303 149 7 107
0.664328657315 149 5 130
0.665831663327 156 6 125
0.667334669339 150 7 128
0.668837675351 141 3 150
0.670340681363 165 10 137
0.671843687375 150 8 124
0.673346693387 146 4 129
0.674849699399 145 8 122
0.676352705411 129 8 125
0.677855711423 137 10 136
0.679358717435 166 9 133
0.680861723447 147 8 133
0.682364729459 168 6 129
0.683867735471 151 2 123
0.685370741483 121 6 131
0.686873747495 136 7 126
0.688376753507 128 7 150
0.689879759519 151 12 129
0.691382765531 151 10 129
0.692885771543 148 4 124
0.694388777555 170 7 125
0.695891783567 146 4 119
0.697394789579 141 8 131
0.698897795591 131 13 135
0.700400801603 138 5 118
0.701903807615 152 6 145
0.703406813627 169 12 132
0.704909819639 150 6 120
0.706412825651 169 4 130
0.707915831663 151 6 103
0.709418837675 140 3 121
0.710921843687 153 6 114
0.712424849699 140 4 133
0.713927855711 163 8 124
0.715430861723 159 6 121
0.716933867735 136 4 129
0.718436873747 157 5 132
0.71993987976 151 5 116
0.721442885772 135 6 122
0.722945891784 142 4 119
0.724448897796 137 4 134
0.725951903808 165 11 133
0.72745490982 166 5 121
0.728957915832 154 9 151
0.730460921844 133 4 128
0.731963927856 137 5 115
0.733466933868 158 11 115
0.73496993988 133 10 130
0.736472945892 156 10 131
0.737975951904 156 4 120
0.739478957916 144 5 120
0.740981963928 142 7 118
0.74248496994 168 10 117
0.743987975952 143 8 122
0.745490981964 179 9 111
0.746993987976 157 7 136
0.748496993988 136 3 118
0.75 140 5 105
0.751503006012 132 10 119
0.753006012024 125 1 147
0.754509018036 149 9 131
0.756012024048 165 6 124
0.75751503006 159 12 121
0.759018036072 146 6 113
0.760521042084 165 6 117
0.762024048096 172 7 144
0.763527054108 152 9 115
0.76503006012 157 4 128
0.766533066132 167 4 117
0.768036072144 149 8 124
0.769539078156 162 5 120
0.771042084168 155 6 135
0.77254509018 159 5 123
0.774048096192 162 5 105
0.775551102204 162 10 110
0.777054108216 147 6 101
0.778557114228 163 9 126
0.78006012024 130 3 129
0.781563126253 170 9 118
0.783066132265 134 7 106
0.784569138277 158 6 115
0.786072144289 144 6 107
0.787575150301 139 6 109
0.789078156313 167 4 102
0.790581162325 145 3 108
0.792084168337 160 2 115
0.793587174349 156 10 124
0.795090180361 164 7 122
0.796593186373 154 3 124
0.798096192385 188 9 119
0.799599198397 138 5 103
0.801102204409 168 9 103
0.802605210421 175 8 124
0.804108216433 161 8 115
0.805611222445 155 5 129
0.807114228457 135 4 121
0.808617234469 157 9 113
0.810120240481 144 2 110
0.811623246493 166 11 114
0.813126252505 154 2 104
0.814629258517 146 8 105
0.816132264529 137 5 117
0.817635270541 154 5 125
0.819138276553 150 5 135
0.820641282565 153 9 116
0.822144288577 146 4 114
0.823647294589 147 5 126
0.825150300601 150 3 125
0.826653306613 160 6 106
0.828156312625 173 6 140
0.829659318637 145 8 110
0.831162324649 144 8 129
0.832665330661 150 4 103
0.834168336673 126 4 116
0.835671342685 136 1 111
0.837174348697 147 5 110
0.838677354709 148 2 118
0.840180360721 141 5 112
0.841683366733 164 2 109
0.843186372745 133 2 121
0.844689378758 146 11 126
0.84619238477 159 4 98
0.847695390782 157 7 99
0.849198396794 141 6 105
0.850701402806 158 6 113
0.852204408818 162 0 119
0.85370741483 154 7 134
0.855210420842 155 5 80
0.856713426854 162 2 103
0.858216432866 183 12 97
0.859719438878 163 3 113
0.86122244489 149 4 124
0.862725450902 152 6 116
0.864228456914 152 8 123
0.865731462926 139 6 115
0.867234468938 154 3 131
0.86873747495 164 5 114
0.870240480962 124 2 116
0.871743486974 172 8 103
0.873246492986 154 3 106
0.874749498998 151 7 108
0.87625250501 154 8 113
0.877755511022 145 5 104
0.879258517034 144 3 114
0.880761523046 153 5 129
0.882264529058 138 4 126
0.88376753507 160 9 115
0.885270541082 138 2 125
0.886773547094 149 5 119
0.888276553106 146 7 115
0.889779559118 166 4 116
0.89128256513 146 6 112
0.892785571142 178 5 105
0.894288577154 127 6 120
0.895791583166 155 2 120
0.897294589178 144 3 91
0.89879759519 159 2 106
0.900300601202 151 8 110
0.901803607214 142 5 95
0.903306613226 145 3 105
0.904809619238 136 4 102
0.906312625251 122 5 118
0.907815631263 142 6 120
0.909318637275 156 6 95
0.910821643287 163 5 109
0.912324649299 152 4 94
0.913827655311 165 7 111
0.915330661323 136 4 104
0.916833667335 164 8 101
0.918336673347 158 7 109
0.919839679359 154 2 100
0.921342685371 156 4 111
0.922845691383 166 6 124
0.924348697395 151 8 104
0.925851703407 145 6 98
0.927354709419 152 7 123
0.928857715431 150 6 119
0.930360721443 140 6 109
0.931863727455 134 8 110
0.933366733467 175 5 108
0.934869739479 137 3 85
0.936372745491 151 8 110
0.937875751503 147 4 118
0.939378757515 150 7 91
0.940881763527 155 7 94
0.942384769539 151 5 98
0.943887775551 141 8 94
0.945390781563 156 7 89
0.946893787575 163 3 99
0.948396793587 130 1 101
0.949899799599 128 4 82
0.951402805611 149 3 105
0.952905811623 150 2 107
0.954408817635 172 8 85
0.955911823647 148 5 102
0.957414829659 158 7 101
0.958917835671 131 5 93
0.960420841683 142 12 105
0.961923847695 161 4 112
0.963426853707 149 5 100
0.964929859719 158 3 112
0.966432865731 145 3 102
0.967935871743 123 5 120
0.969438877756 172 7 102
0.970941883768 131 0 85
0.97244488978 146 3 97
0.973947895792 168 5 119
0.975450901804 172 7 93
0.976953907816 153 2 103
0.978456913828 150 7 99
0.97995991984 133 3 92
0.981462925852 159 7 104
0.982965931864 152 4 116
0.984468937876 143 9 95
0.985971943888 148 1 91
0.9874749499 148 2 99
0.988977955912 152 7 106
0.990480961924 155 5 115
0.991983967936 151 5 110
0.993486973948 147 7 99
0.99498997996 139 6 98
0.996492985972 146 5 88
0.997995991984 170 5 86
0.999498997996 162 6 99
1.00100200401 126 2 101
1.00250501002 141 4 94
1.00400801603 143 3 84
1.00551102204 150 6 102
1.00701402806 150 7 95
1.00851703407 151 7 90
1.01002004008 158 5 95
1.01152304609 144 7 92
1.0130260521 145 6 116
1.01452905812 153 6 97
1.01603206413 177 7 105
1.01753507014 139 5 107
1.01903807615 149 2 108
1.02054108216 127 3 92
1.02204408818 154 7 99
1.02354709419 140 4 103
1.0250501002 153 12 107
1.02655310621 161 4 82
1.02805611222 152 7 100
1.02955911824 147 7 89
1.03106212425 154 1 99
1.03256513026 182 8 101
1.03406813627 153 3 103
1.03557114228 135 3 91
1.0370741483 146 3 84
1.03857715431 151 3 109
1.04008016032 140 4 101
1.04158316633 139 6 106
1.04308617234 148 4 115
1.04458917836 134 4 110
1.04609218437 137 3 99
1.04759519038 154 9 78
1.04909819639 147 2 99
1.0506012024 140 5 109
1.05210420842 139 8 96
1.05360721443 167 4 92
1.05511022044 134 4 104
1.05661322645 162 4 91
1.05811623246 133 6 86
1.05961923848 160 4 108
1.06112224449 176 6 94
1.0626252505 141 6 96
1.06412825651 142 2 101
1.06563126253 165 4 96
1.06713426854 124 6 115
1.06863727455 140 6 104
1.07014028056 169 4 113
1.07164328657 152 8 95
1.07314629259 144 3 93
1.0746492986 137 7 90
1.07615230461 165 3 106
1.07765531062 158 6 98
1.07915831663 141 2 106
1.08066132265 155 12 102
1.08216432866 144 4 88
1.08366733467 147 5 93
1.08517034068 154 1 88
1.08667334669 172 5 97
1.08817635271 164 7 99
1.08967935872 119 3 89
1.09118236473 159 4 104
1.09268537074 144 5 92
1.09418837675 160 1 99
1.09569138277 131 2 97
1.09719438878 160 4 99
1.09869739479 135 6 99
1.1002004008 163 7 94
1.10170340681 149 5 97
1.10320641283 139 7 102
1.10470941884 169 4 109
1.10621242485 127 4 114
1.10771543086 159 7 94
1.10921843687 136 3 120
1.11072144289 182 6 102
1.1122244489 151 4 95
1.11372745491 139 4 106
1.11523046092 157 5 78
1.11673346693 149 4 105
1.11823647295 164 5 120
1.11973947896 141 3 94
1.12124248497 143 8 101
1.12274549098 130 2 102
1.12424849699 141 2 100
1.12575150301 158 4 91
1.12725450902 133 5 84
1.12875751503 148 7 104
1.13026052104 131 3 80
1.13176352705 159 4 109
1.13326653307 165 6 87
1.13476953908 126 5 87
1.13627254509 154 1 77
1.1377755511 148 5 101
1.13927855711 118 6 84
1.14078156313 144 7 83
1.14228456914 162 5 93
1.14378757515 140 8 87
1.14529058116 137 2 105
1.14679358717 143 4 96
1.14829659319 164 3 83
1.1497995992 139 3 93
1.15130260521 148 2 98
1.15280561122 142 6 95
1.15430861723 153 2 101
1.15581162325 139 6 109
1.15731462926 148 2 112
1.15881763527 163 9 88
1.16032064128 135 2 83
1.16182364729 149 3 82
1.16332665331 148 3 107
1.16482965932 139 5 91
1.16633266533 129 4 97
1.16783567134 152 3 101
1.16933867735 131 5 83
1.17084168337 152 4 88
1.17234468938 137 4 86
1.17384769539 126 8 108
1.1753507014 148 3 69
1.17685370741 144 3 86
1.17835671343 166 2 99
1.17985971944 145 5 84
1.18136272545 145 6 82
1.18286573146 138 6 78
1.18436873747 184 6 101
1.18587174349 152 2 94
1.1873747495 157 12 84
1.18887775551 176 6 102
1.19038076152 146 2 106
1.19188376754 163 3 89
1.19338677355 156 5 85
1.19488977956 135 1 77
1.19639278557 145 3 84
1.19789579158 160 5 90
1.1993987976 143 3 96
1.20090180361 137 6 86
1.20240480962 170 3 84
1.20390781563 148 5 90
1.20541082164 172 6 92
1.20691382766 146 2 85
1.20841683367 148 2 93
1.20991983968 150 5 85
1.21142284569 140 2 77
1.2129258517 165 6 89
1.21442885772 138 1 90
1.21593186373 158 6 79
1.21743486974 147 8 95
1.21893787575 164 7 84
1.22044088176 145 3 97
1.22194388778 162 6 73
1.22344689379 137 5 98
1.2249498998 160 6 76
1.22645290581 162 4 88
1.22795591182 142 2 72
1.22945891784 156 3 90
1.23096192385 145 3 75
1.23246492986 135 2 100
1.23396793587 159 2 97
1.23547094188 171 4 80
1.2369739479 147 1 82
1.23847695391 168 3 98
1.23997995992 149 4 87
1.24148296593 159 2 79
1.24298597194 158 2 108
1.24448897796 135 4 89
1.24599198397 144 4 76
1.24749498998 159 5 100
1.24899799599 153 7 74
1.250501002 147 1 83
1.25200400802 153 3 81
1.25350701403 144 3 77
1.25501002004 137 5 84
1.25651302605 149 3 101
1.25801603206 184 9 74
1.25951903808 139 2 93
1.26102204409 148 5 105
1.2625250501 146 4 97
1.26402805611 150 4 91
1.26553106212 159 5 101
1.26703406814 163 5 76
1.26853707415 160 3 93
1.27004008016 146 4 84
1.27154308617 144 3 95
1.27304609218 142 4 76
1.2745490982 148 4 85
1.27605210421 133 1 103
1.27755511022 141 4 63
1.27905811623 164 3 84
1.28056112224 161 4 87
1.28206412826 149 5 80
1.28356713427 161 1 96
1.28507014028 129 5 91
1.28657314629 162 2 85
1.2880761523 142 2 76
1.28957915832 163 5 84
1.29108216433 136 3 65
1.29258517034 152 3 84
1.29408817635 169 5 79
1.29559118236 152 1 77
1.29709418838 156 3 82
1.29859719439 146 3 82
1.3001002004 167 3 82
1.30160320641 147 2 74
1.30310621242 138 4 81
1.30460921844 144 6 85
1.30611222445 164 2 67
1.30761523046 135 5 87
1.30911823647 175 8 74
1.31062124248 165 4 98
1.3121242485 151 2 88
1.31362725451 140 3 69
1.31513026052 159 7 83
1.31663326653 153 9 86
1.31813627255 156 4 81
1.31963927856 141 3 89
1.32114228457 140 5 72
1.32264529058 166 4 93
1.32414829659 160 4 81
1.32565130261 139 5 82
1.32715430862 123 4 65
1.32865731463 157 1 91
1.33016032064 154 5 80
1.33166332665 157 5 69
1.33316633267 161 1 76
1.33466933868 147 3 81
1.33617234469 129 5 90
1.3376753507 174 2 67
1.33917835671 159 4 62
1.34068136273 165 3 92
1.34218436874 161 4 79
1.34368737475 153 4 76
1.34519038076 144 2 77
1.34669338677 137 2 85
1.34819639279 132 0 72
1.3496993988 158 6 65
1.35120240481 131 3 87
1.35270541082 158 4 91
1.35420841683 166 6 85
1.35571142285 141 4 74
1.35721442886 143 5 88
1.35871743487 173 4 93
1.36022044088 147 5 78
1.36172344689 125 3 70
1.36322645291 160 0 75
1.36472945892 154 6 75
1.36623246493 142 2 75
1.36773547094 150 2 79
1.36923847695 164 5 67
1.37074148297 135 6 84
1.37224448898 137 3 82
1.37374749499 155 4 76
1.375250501 147 3 68
1.37675350701 165 4 72
1.37825651303 146 5 80
1.37975951904 181 4 64
1.38126252505 128 4 80
1.38276553106 135 7 72
1.38426853707 160 1 91
1.38577154309 173 4 83
1.3872745491 165 6 76
1.38877755511 140 5 85
1.39028056112 152 4 85
1.39178356713 145 7 85
1.39328657315 157 8 95
1.39478957916 133 6 84
1.39629258517 149 8 70
1.39779559118 127 6 83
1.39929859719 158 0 89
1.40080160321 145 2 90
1.40230460922 132 5 72
1.40380761523 137 3 75
1.40531062124 155 4 70
1.40681362725 144 4 83
1.40831663327 173 3 69
1.40981963928 137 2 77
1.41132264529 152 3 81
1.4128256513 150 6 82
1.41432865731 162 4 83
1.41583166333 147 2 92
1.41733466934 137 1 82
1.41883767535 145 3 83
1.42034068136 145 0 85
1.42184368737 159 3 70
1.42334669339 153 2 82
1.4248496994 158 6 80
1.42635270541 154 3 69
1.42785571142 142 3 81
1.42935871743 148 5 78
1.43086172345 144 5 79
1.43236472946 140 2 75
1.43386773547 129 4 102
1.43537074148 155 6 87
1.43687374749 132 7 70
1.43837675351 168 5 78
1.43987975952 138 3 78
1.44138276553 152 4 79
1.44288577154 148 3 74
1.44438877756 136 3 78
1.44589178357 156 3 68
1.44739478958 146 4 84
1.44889779559 159 5 83
1.4504008016 157 4 75
1.45190380762 145 6 69
1.45340681363 143 4 77
1.45490981964 149 2 60
1.45641282565 162 2 75
1.45791583166 147 4 82
1.45941883768 159 6 79
1.46092184369 129 7 72
1.4624248497 150 5 76
1.46392785571 164 3 90
1.46543086172 149 6 85
1.46693386774 130 3 96
1.46843687375 153 4 87
1.46993987976 141 5 78
1.47144288577 157 5 87
1.47294589178 135 4 64
1.4744488978 164 5 80
1.47595190381 159 5 64
1.47745490982 134 4 74
1.47895791583 157 3 69
1.48046092184 149 1 63
1.48196392786 167 4 72
1.48346693387 147 1 74
1.48496993988 158 2 78
1.48647294589 153 5 82
1.4879759519 155 5 76
1.48947895792 145 6 83
1.49098196393 164 2 73
1.49248496994 164 6 79
1.49398797595 144 1 64
1.49549098196 165 3 88
1.49699398798 151 2 88
1.49849699399 152 0 82
1.5 127 2 82
1.50150300601 140 4 87
1.50300601202 161 6 76
1.50450901804 140 3 78
1.50601202405 145 7 78
1.50751503006 134 3 68
1.50901803607 144 4 79
1.51052104208 165 4 73
1.5120240481 148 5 72
1.51352705411 126 5 80
1.51503006012 156 8 72
1.51653306613 138 2 79
1.51803607214 129 3 89
1.51953907816 145 2 65
1.52104208417 143 4 82
1.52254509018 118 7 75
1.52404809619 148 1 60
1.5255511022 141 1 68
1.52705410822 159 2 85
1.52855711423 162 6 74
1.53006012024 141 3 70
1.53156312625 125 3 69
1.53306613226 163 1 73
1.53456913828 142 2 73
1.53607214429 170 4 61
1.5375751503 159 3 82
1.53907815631 146 8 82
1.54058116232 176 7 62
1.54208416834 154 1 81
1.54358717435 144 2 74
1.54509018036 166 5 85
1.54659318637 162 5 72
1.54809619238 151 6 67
1.5495991984 140 2 75
1.55110220441 136 3 84
1.55260521042 150 3 83
1.55410821643 153 2 96
1.55561122244 166 7 82
1.55711422846 142 4 81
1.55861723447 160 2 82
1.56012024048 147 1 78
1.56162324649 147 6 73
1.56312625251 160 5 83
1.56462925852 152 4 57
1.56613226453 139 3 85
1.56763527054 140 4 58
1.56913827655 147 5 79
1.57064128257 146 0 76
1.57214428858 159 2 84
1.57364729459 142 7 67
1.5751503006 149 6 70
1.57665330661 155 3 73
1.57815631263 146 2 62
1.57965931864 119 1 65
1.58116232465 141 4 68
1.58266533066 150 4 75
1.58416833667 178 8 71
1.58567134269 154 2 80
1.5871743487 156 5 82
1.58867735471 136 2 61
1.59018036072 148 2 73
1.59168336673 151 2 67
1.59318637275 136 2 75
1.59468937876 154 6 61
1.59619238477 148 2 73
1.59769539078 151 5 63
1.59919839679 171 4 77
1.60070140281 160 5 71
1.60220440882 153 3 67
1.60370741483 159 1 78
1.60521042084 149 4 75
1.60671342685 144 0 77
1.60821643287 162 2 63
1.60971943888 134 0 75
1.61122244489 149 5 70
1.6127254509 138 0 56
1.61422845691 153 3 74
1.61573146293 147 1 66
1.61723446894 145 3 46
1.61873747495 128 1 73
1.62024048096 142 5 71
1.62174348697 138 0 56
1.62324649299 159 4 57
1.624749499 160 1 79
1.62625250501 152 1 65
1.62775551102 119 2 76
1.62925851703 146 3 69
1.63076152305 166 4 70
1.63226452906 153 2 76
1.63376753507 143 5 76
1.63527054108 154 5 67
1.63677354709 149 3 70
1.63827655311 149 0 64
1.63977955912 146 2 74
1.64128256513 154 5 74
1.64278557114 143 5 79
1.64428857715 127 3 73
1.64579158317 131 5 62
1.64729458918 155 1 86
1.64879759519 176 5 76
1.6503006012 127 3 64
1.65180360721 158 4 68
1.65330661323 121 3 68
1.65480961924 157 5 68
1.65631262525 134 1 54
1.65781563126 147 2 71
1.65931863727 139 5 62
1.66082164329 131 4 69
1.6623246493 136 3 60
1.66382765531 152 4 76
1.66533066132 146 5 76
1.66683366733 145 3 65
1.66833667335 141 1 70
1.66983967936 149 1 85
1.67134268537 140 3 65
1.67284569138 152 2 83
1.67434869739 152 2 68
1.67585170341 137 6 71
1.67735470942 139 3 50
1.67885771543 159 1 77
1.68036072144 146 2 54
1.68186372745 184 1 72
1.68336673347 141 1 72
1.68486973948 153 8 77
1.68637274549 152 3 59
1.6878757515 151 4 57
1.68937875752 154 2 79
1.69088176353 138 2 66
1.69238476954 136 3 74
1.69388777555 138 2 58
1.69539078156 156 6 73
1.69689378758 156 4 64
1.69839679359 164 2 72
1.6998997996 140 5 62
1.70140280561 157 3 64
1.70290581162 154 5 68
1.70440881764 149 4 60
1.70591182365 161 7 66
1.70741482966 160 1 61
1.70891783567 162 4 58
1.71042084168 134 3 56
1.7119238477 154 1 68
1.71342685371 146 1 59
1.71492985972 159 3 51
1.71643286573 152 1 58
1.71793587174 142 2 60
1.71943887776 162 3 62
1.72094188377 126 0 64
1.72244488978 169 4 64
1.72394789579 144 3 75
1.7254509018 148 5 48
1.72695390782 125 1 91
1.72845691383 150 1 78
1.72995991984 144 5 56
1.73146292585 164 5 70
1.73296593186 164 4 57
1.73446893788 134 3 70
1.73597194389 155 3 83
1.7374749499 159 4 55
1.73897795591 144 2 63
1.74048096192 161 3 61
1.74198396794 137 2 60
1.74348697395 142 5 73
1.74498997996 143 2 60
1.74649298597 158 4 57
1.74799599198 160 1 43
1.749498998 156 5 60
1.75100200401 140 1 67
1.75250501002 141 2 53
1.75400801603 137 2 59
1.75551102204 130 4 63
1.75701402806 174 2 54
1.75851703407 150 2 69
1.76002004008 140 4 53
1.76152304609 164 3 70
1.7630260521 168 2 63
1.76452905812 145 3 73
1.76603206413 150 8 63
1.76753507014 163 4 59
1.76903807615 154 2 60
1.77054108216 144 3 65
1.77204408818 145 7 46
1.77354709419 132 5 58
1.7750501002 162 4 50
1.77655310621 149 5 67
1.77805611222 173 1 62
1.77955911824 155 1 58
1.78106212425 165 5 76
1.78256513026 132 4 68
1.78406813627 162 1 60
1.78557114228 138 2 76
1.7870741483 173 2 65
1.78857715431 149 1 64
1.79008016032 160 3 57
1.79158316633 130 4 66
1.79308617234 139 3 73
1.79458917836 142 6 61
1.79609218437 142 4 61
1.79759519038 136 2 67
1.79909819639 141 4 67
1.8006012024 160 1 52
1.80210420842 166 6 63
1.80360721443 141 0 68
1.80511022044 156 3 62
1.80661322645 156 2 52
1.80811623246 139 3 51
1.80961923848 140 0 63
1.81112224449 173 3 56
1.8126252505 148 2 65
1.81412825651 151 3 66
1.81563126253 149 0 63
1.81713426854 146 4 64
1.81863727455 153 5 57
1.82014028056 142 6 67
1.82164328657 146 2 72
1.82314629259 149 5 52
1.8246492986 154 5 58
1.82615230461 119 2 58
1.82765531062 152 5 65
1.82915831663 161 0 61
1.83066132265 154 5 69
1.83216432866 133 4 54
1.83366733467 153 3 51
1.83517034068 146 2 56
1.83667334669 141 1 69
1.83817635271 167 4 69
1.83967935872 153 3 71
1.84118236473 140 2 61
1.84268537074 168 3 61
1.84418837675 155 3 62
1.84569138277 133 1 61
1.84719438878 147 2 68
1.84869739479 138 1 52
1.8502004008 162 3 61
1.85170340681 144 1 66
1.85320641283 162 2 66
1.85470941884 146 2 60
1.85621242485 163 4 65
1.85771543086 146 1 58
1.85921843687 165 5 55
1.86072144289 126 3 64
1.8622244489 160 7 62
1.86372745491 147 3 56
1.86523046092 167 2 61
1.86673346693 139 4 64
1.86823647295 143 3 57
1.86973947896 140 2 65
1.87124248497 161 4 66
1.87274549098 154 2 52
1.87424849699 146 1 46
1.87575150301 164 4 62
1.87725450902 148 1 78
1.87875751503 168 2 67
1.88026052104 154 3 63
1.88176352705 131 3 70
1.88326653307 134 5 57
1.88476953908 142 2 55
1.88627254509 160 0 62
1.8877755511 141 2 70
1.88927855711 145 3 47
1.89078156313 168 2 78
1.89228456914 162 4 58
1.89378757515 154 3 65
1.89529058116 148 4 65
1.89679358717 143 6 67
1.89829659319 154 1 74
1.8997995992 131 1 63
1.90130260521 164 2 56
1.90280561122 137 0 54
1.90430861723 166 4 65
1.90581162325 141 3 63
1.90731462926 135 2 51
1.90881763527 141 1 53
1.91032064128 159 4 58
1.91182364729 170 6 61
1.91332665331 130 1 52
1.91482965932 147 2 48
1.91633266533 151 1 54
1.91783567134 145 1 59
1.91933867735 146 2 66
1.92084168337 158 3 54
1.92234468938 164 4 71
1.92384769539 140 4 68
1.9253507014 146 3 72
1.92685370741 131 3 46
1.92835671343 138 2 71
1.92985971944 133 2 57
1.93136272545 165 1 64
1.93286573146 150 3 47
1.93436873747 151 6 63
1.93587174349 134 1 68
1.9373747495 167 2 65
1.93887775551 165 1 66
1.94038076152 136 4 48
1.94188376754 147 1 62
1.94338677355 156 4 65
1.94488977956 163 3 61
1.94639278557 146 2 64
1.94789579158 145 5 68
1.9493987976 145 4 51
1.95090180361 155 2 58
1.95240480962 157 2 63
1.95390781563 152 3 52
1.95541082164 166 4 47
1.95691382766 164 3 53
1.95841683367 151 1 67
1.95991983968 152 1 62
1.96142284569 129 4 66
1.9629258517 143 3 59
1.96442885772 152 6 70
1.96593186373 147 4 55
1.96743486974 173 4 50
1.96893787575 148 1 57
1.97044088176 160 5 60
1.97194388778 143 1 67
1.97344689379 144 7 52
1.9749498998 133 1 63
1.97645290581 154 2 49
1.97795591182 155 3 55
1.97945891784 148 1 57
1.98096192385 157 3 62
1.98246492986 162 3 55
1.98396793587 162 7 56
1.98547094188 160 1 67
1.9869739479 159 3 62
1.98847695391 140 2 62
1.98997995992 155 3 50
1.99148296593 160 5 68
1.99298597194 164 2 72
1.99448897796 144 3 39
1.99599198397 159 2 54
1.99749498998 146 3 43
1.99899799599 159 3 53
2.000501002 143 2 61
2.00200400802 146 6 65
2.00350701403 155 4 51
2.00501002004 148 0 58
2.00651302605 146 2 55
2.00801603206 141 3 60
2.00951903808 120 2 56
2.01102204409 159 3 48
2.0125250501 145 1 53
2.01402805611 144 2 52
2.01553106212 149 0 46
2.01703406814 161 0 48
2.01853707415 126 0 61
2.02004008016 161 4 50
2.02154308617 133 2 57
2.02304609218 173 2 50
2.0245490982 142 4 39
2.02605210421 141 2 58
2.02755511022 143 2 48
2.02905811623 151 2 54
2.03056112224 162 2 40
2.03206412826 157 3 40
2.03356713427 142 4 59
2.03507014028 128 1 58
2.03657314629 151 2 45
2.0380761523 152 2 43
2.03957915832 159 2 44
2.04108216433 142 1 53
2.04258517034 150 4 45
2.04408817635 125 1 33
2.04559118236 149 1 41
2.04709418838 156 1 57
2.04859719439 160 1 51
2.0501002004 147 4 60
2.05160320641 157 5 50
2.05310621242 147 5 39
2.05460921844 150 1 45
2.05611222445 168 3 60
2.05761523046 155 7 52
2.05911823647 148 2 59
2.06062124248 138 4 48
2.0621242485 163 5 43
2.06362725451 145 4 51
2.06513026052 152 5 50
2.06663326653 131 1 59
2.06813627255 145 4 59
2.06963927856 146 5 50
2.07114228457 144 2 71
2.07264529058 136 2 50
2.07414829659 153 5 40
2.07565130261 144 2 36
2.07715430862 134 0 47
2.07865731463 153 1 34
2.08016032064 124 0 52
2.08166332665 164 5 51
2.08316633267 161 5 40
2.08466933868 144 2 46
2.08617234469 158 5 36
2.0876753507 149 3 57
2.08917835671 155 4 51
2.09068136273 131 2 48
2.09218436874 134 2 54
2.09368737475 150 1 37
2.09519038076 148 1 53
2.09669338677 132 2 61
2.09819639279 145 1 50
2.0996993988 126 1 59
2.10120240481 150 2 47
2.10270541082 166 1 44
2.10420841683 136 2 50
2.10571142285 148 1 46
2.10721442886 149 5 51
2.10871743487 139 1 51
2.11022044088 155 2 67
2.11172344689 116 1 47
2.11322645291 176 1 55
2.11472945892 157 4 41
2.11623246493 181 2 63
2.11773547094 159 0 47
2.11923847695 142 2 50
2.12074148297 164 4 53
2.12224448898 151 4 30
2.12374749499 156 1 65
2.125250501 141 2 46
2.12675350701 177 2 56
2.12825651303 157 3 46
2.12975951904 155 4 52
2.13126252505 157 1 45
2.13276553106 158 4 51
2.13426853707 122 3 39
2.13577154309 138 3 44
2.1372745491 162 6 55
2.13877755511 146 5 46
2.14028056112 151 0 44
2.14178356713 154 2 46
2.14328657315 147 0 49
2.14478957916 142 6 49
2.14629258517 141 1 41
2.14779559118 138 1 52
2.14929859719 176 3 44
2.15080160321 165 4 53
2.15230460922 151 2 48
2.15380761523 149 4 34
2.15531062124 163 2 38
2.15681362725 152 0 45
2.15831663327 157 4 53
2.15981963928 171 3 49
2.16132264529 154 3 45
2.1628256513 151 3 56
2.16432865731 148 5 39
2.16583166333 142 5 54
2.16733466934 139 6 50
2.16883767535 153 2 48
2.17034068136 139 3 46
2.17184368737 136 2 39
2.17334669339 156 2 46
2.1748496994 163 4 55
2.17635270541 132 3 38
2.17785571142 143 3 40
2.17935871743 134 2 58
2.18086172345 161 4 38
2.18236472946 164 1 38
2.18386773547 143 1 42
2.18537074148 148 1 51
2.18687374749 153 3 41
2.18837675351 148 1 39
2.18987975952 153 4 39
2.19138276553 127 0 50
2.19288577154 132 3 50
2.19438877756 171 9 38
2.19589178357 159 0 43
2.19739478958 137 4 43
2.19889779559 149 2 35
2.2004008016 158 1 50
2.20190380762 143 4 39
2.20340681363 153 2 44
2.20490981964 150 2 50
2.20641282565 152 2 36
2.20791583166 151 2 33
2.20941883768 150 2 48
2.21092184369 159 1 46
2.2124248497 177 2 50
2.21392785571 148 5 48
2.21543086172 149 2 39
2.21693386774 145 1 41
2.21843687375 157 3 53
2.21993987976 138 3 42
2.22144288577 168 1 47
2.22294589178 171 6 43
2.2244488978 143 1 48
2.22595190381 159 1 44
2.22745490982 172 7 42
2.22895791583 155 3 42
2.23046092184 163 3 35
2.23196392786 166 4 47
2.23346693387 155 3 43
2.23496993988 134 4 43
2.23647294589 153 1 43
2.2379759519 161 3 47
2.23947895792 137 0 55
2.24098196393 174 4 39
2.24248496994 143 4 44
2.24398797595 160 6 40
2.24549098196 151 5 44
2.24699398798 160 3 50
2.24849699399 139 2 43
2.25 158 3 45
2.25150300601 140 2 33
2.25300601202 144 1 41
2.25450901804 145 1 39
2.25601202405 164 1 51
2.25751503006 156 0 49
2.25901803607 158 6 43
2.26052104208 142 3 52
2.2620240481 168 2 36
2.26352705411 171 4 43
2.26503006012 146 3 44
2.26653306613 144 2 47
2.26803607214 156 1 47
2.26953907816 154 2 52
2.27104208417 149 3 40
2.27254509018 163 0 46
2.27404809619 161 3 34
2.2755511022 158 2 44
2.27705410822 151 0 51
2.27855711423 152 5 48
2.28006012024 145 4 48
2.28156312625 134 2 51
2.28306613226 166 3 46
2.28456913828 146 4 40
2.28607214429 140 5 50
2.2875751503 157 4 49
2.28907815631 169 2 39
2.29058116232 148 2 48
2.29208416834 154 6 30
2.29358717435 147 0 46
2.29509018036 154 1 31
2.29659318637 148 4 55
2.29809619238 158 0 55
2.2995991984 142 3 45
2.30110220441 128 2 36
2.30260521042 144 0 41
2.30410821643 140 2 37
2.30561122244 145 1 49
2.30711422846 146 2 37
2.30861723447 159 2 49
2.31012024048 146 1 44
2.31162324649 137 2 63
2.31312625251 129 2 43
2.31462925852 144 1 45
2.31613226453 150 2 40
2.31763527054 142 4 43
2.31913827655 167 3 44
2.32064128257 162 2 38
2.32214428858 142 2 45
2.32364729459 150 3 50
2.3251503006 144 5 44
2.32665330661 150 2 48
2.32815631263 157 2 53
2.32965931864 136 1 39
2.33116232465 155 0 31
2.33266533066 169 5 59
2.33416833667 169 5 43
2.33567134269 148 1 32
2.3371743487 132 0 36
2.33867735471 146 3 43
2.34018036072 157 3 32
2.34168336673 155 3 28
2.34318637275 160 1 34
2.34468937876 158 1 40
2.34619238477 159 2 40
2.34769539078 136 3 34
2.34919839679 169 4 38
2.35070140281 165 2 34
2.35220440882 151 0 43
2.35370741483 152 1 41
2.35521042084 150 4 49
2.35671342685 151 4 39
2.35821643287 176 3 45
2.35971943888 158 2 37
2.36122244489 166 4 57
2.3627254509 182 5 48
2.36422845691 149 1 31
2.36573146293 134 4 32
2.36723446894 148 3 29
2.36873747495 159 4 43
2.37024048096 160 2 30
2.37174348697 152 3 41
2.37324649299 141 0 36
2.374749499 146 3 39
2.37625250501 140 1 34
2.37775551102 139 4 37
2.37925851703 145 1 41
2.38076152305 164 2 39
2.38226452906 128 2 35
2.38376753507 124 1 50
2.38527054108 152 3 46
2.38677354709 143 3 33
2.38827655311 167 2 36
2.38977955912 176 3 40
2.39128256513 152 3 40
2.39278557114 156 0 41
2.39428857715 162 6 42
2.39579158317 179 5 47
2.39729458918 152 0 45
2.39879759519 161 3 42
2.4003006012 160 1 49
2.40180360721 136 2 30
2.40330661323 134 1 35
2.40480961924 170 2 38
2.40631262525 143 1 38
2.40781563126 175 3 31
2.40931863727 161 3 41
2.41082164329 151 4 32
2.4123246493 151 1 39
2.41382765531 177 0 28
2.41533066132 134 2 41
2.41683366733 162 3 33
2.41833667335 141 3 40
2.41983967936 136 2 35
2.42134268537 142 2 28
2.42284569138 143 2 38
2.42434869739 153 2 41
2.42585170341 150 3 44
2.42735470942 147 2 39
2.42885771543 147 7 33
2.43036072144 140 3 44
2.43186372745 155 1 40
2.43336673347 158 3 44
2.43486973948 152 4 50
2.43637274549 151 1 40
2.4378757515 162 1 46
2.43937875752 168 4 41
2.44088176353 140 3 38
2.44238476954 150 6 38
2.44388777555 160 4 35
2.44539078156 168 1 29
2.44689378758 146 3 47
2.44839679359 172 5 32
2.4498997996 147 3 33
2.45140280561 153 2 40
2.45290581162 139 0 39
2.45440881764 178 2 25
2.45591182365 171 2 24
2.45741482966 152 1 25
2.45891783567 156 1 32
2.46042084168 168 4 31
2.4619238477 173 4 37
2.46342685371 149 4 36
2.46492985972 146 4 35
2.46643286573 142 3 43
2.46793587174 142 1 48
2.46943887776 163 8 32
2.47094188377 149 0 37
2.47244488978 166 0 48
2.47394789579 165 2 32
2.4754509018 146 2 42
2.47695390782 160 4 25
2.47845691383 149 3 32
2.47995991984 142 2 41
2.48146292585 134 2 34
2.48296593186 142 3 32
2.48446893788 164 4 27
2.48597194389 153 2 35
2.4874749499 171 2 40
2.48897795591 148 2 32
2.49048096192 163 3 41
2.49198396794 152 4 34
2.49348697395 159 3 29
2.49498997996 157 6 25
2.49649298597 146 3 38
2.49799599198 146 3 34
2.499498998 155 1 31
2.50100200401 165 4 41
2.50250501002 167 2 29
2.50400801603 142 0 27
2.50551102204 166 2 34
2.50701402806 138 4 30
2.50851703407 149 1 40
2.51002004008 141 2 26
2.51152304609 149 2 40
2.5130260521 147 1 32
2.51452905812 152 1 30
2.51603206413 154 2 29
2.51753507014 144 1 30
2.51903807615 160 1 23
2.52054108216 143 2 38
2.52204408818 169 1 36
2.52354709419 147 2 33
2.5250501002 149 2 31
2.52655310621 152 1 43
2.52805611222 149 0 33
2.52955911824 156 3 31
2.53106212425 149 0 27
2.53256513026 137 2 32
2.53406813627 152 2 42
2.53557114228 158 4 36
2.5370741483 159 3 29
2.53857715431 154 2 20
2.54008016032 155 1 33
2.54158316633 139 3 31
2.54308617234 132 3 38
2.54458917836 148 4 38
2.54609218437 146 4 28
2.54759519038 161 0 29
2.54909819639 146 2 33
2.5506012024 150 0 41
2.55210420842 123 2 25
2.55360721443 156 3 27
2.55511022044 142 2 26
2.55661322645 144 1 34
2.55811623246 148 3 28
2.55961923848 164 3 33
2.56112224449 139 2 24
2.5626252505 157 3 23
2.56412825651 154 0 40
2.56563126253 141 1 23
2.56713426854 153 1 22
2.56863727455 153 3 24
2.57014028056 156 2 31
2.57164328657 160 1 30
2.57314629259 157 3 28
2.5746492986 145 3 24
2.57615230461 149 2 33
2.57765531062 148 1 25
2.57915831663 155 1 27
2.58066132265 137 3 36
2.58216432866 141 2 38
2.58366733467 151 2 37
2.58517034068 134 2 20
2.58667334669 153 0 26
2.58817635271 150 1 27
2.58967935872 138 2 26
2.59118236473 181 1 21
2.59268537074 143 0 25
2.59418837675 182 2 25
2.59569138277 154 3 22
2.59719438878 143 2 24
2.59869739479 169 2 30
2.6002004008 171 2 14
2.60170340681 162 1 24
2.60320641283 171 2 22
2.60470941884 144 4 26
2.60621242485 165 5 32
2.60771543086 157 1 19
2.60921843687 144 1 34
2.61072144289 154 7 34
2.6122244489 152 3 34
2.61372745491 135 1 33
2.61523046092 162 1 32
2.61673346693 150 1 31
2.61823647295 137 0 29
2.61973947896 147 3 21
2.62124248497 138 2 32
2.62274549098 157 2 26
2.62424849699 167 2 27
2.62575150301 168 4 17
2.62725450902 143 0 28
2.62875751503 132 2 22
2.63026052104 151 4 25
2.63176352705 145 1 20
2.63326653307 154 1 18
2.63476953908 142 3 27
2.63627254509 127 1 26
2.6377755511 132 4 32
2.63927855711 168 1 31
2.64078156313 183 4 24
2.64228456914 148 1 28
2.64378757515 146 2 20
2.64529058116 138 2 28
2.64679358717 155 1 19
2.64829659319 170 0 20
2.6497995992 156 2 18
2.65130260521 159 0 28
2.65280561122 138 5 20
2.65430861723 156 0 26
2.65581162325 165 1 32
2.65731462926 137 3 17
2.65881763527 157 2 17
2.66032064128 164 3 29
2.66182364729 126 4 20
2.66332665331 135 1 31
2.66482965932 146 1 28
2.66633266533 157 2 31
2.66783567134 164 4 19
2.66933867735 153 3 27
2.67084168337 158 4 24
2.67234468938 161 4 21
2.67384769539 136 0 21
2.6753507014 153 1 34
2.67685370741 158 5 22
2.67835671343 160 0 26
2.67985971944 138 2 24
2.68136272545 166 1 22
2.68286573146 157 1 18
2.68436873747 149 0 19
2.68587174349 148 2 25
2.6873747495 138 2 18
2.68887775551 135 2 17
2.69038076152 149 2 24
2.69188376754 147 3 24
2.69338677355 142 2 29
2.69488977956 168 3 25
2.69639278557 151 1 16
2.69789579158 152 1 24
2.6993987976 137 2 22
2.70090180361 148 3 18
2.70240480962 164 2 22
2.70390781563 151 2 21
2.70541082164 160 1 23
2.70691382766 150 3 13
2.70841683367 154 2 16
2.70991983968 159 1 21
2.71142284569 146 3 21
2.7129258517 156 2 25
2.71442885772 132 3 22
2.71593186373 141 1 18
2.71743486974 148 0 26
2.71893787575 162 2 26
2.72044088176 136 2 23
2.72194388778 139 5 24
2.72344689379 152 4 21
2.7249498998 150 1 18
2.72645290581 126 0 12
2.72795591182 159 0 27
2.72945891784 161 1 24
2.73096192385 140 0 22
2.73246492986 144 4 12
2.73396793587 179 1 20
2.73547094188 131 3 14
2.7369739479 161 2 18
2.73847695391 169 0 16
2.73997995992 144 0 12
2.74148296593 157 5 17
2.74298597194 140 0 16
2.74448897796 144 0 18
2.74599198397 154 1 23
2.74749498998 134 1 24
2.74899799599 121 1 18
2.750501002 145 2 20
2.75200400802 174 2 20
2.75350701403 150 4 18
2.75501002004 164 4 13
2.75651302605 151 3 24
2.75801603206 134 6 22
2.75951903808 142 3 14
2.76102204409 139 2 16
2.7625250501 168 0 15
2.76402805611 126 1 20
2.76553106212 154 5 17
2.76703406814 162 1 18
2.76853707415 154 0 9
2.77004008016 154 0 18
2.77154308617 128 3 15
2.77304609218 138 2 9
2.7745490982 145 4 14
2.77605210421 142 2 21
2.77755511022 132 2 21
2.77905811623 163 2 14
2.78056112224 162 1 10
2.78206412826 130 2 15
2.78356713427 142 0 12
2.78507014028 139 0 10
2.78657314629 148 1 16
2.7880761523 131 4 12
2.78957915832 150 2 18
2.79108216433 154 3 11
2.79258517034 161 1 18
2.79408817635 138 3 14
2.79559118236 143 3 16
2.79709418838 150 3 12
2.79859719439 146 3 11
2.8001002004 144 2 12
2.80160320641 162 3 12
2.80310621242 138 1 17
2.80460921844 156 3 17
2.80611222445 154 3 14
2.80761523046 158 6 13
2.80911823647 136 2 6
2.81062124248 136 1 15
2.8121242485 129 0 9
2.81362725451 154 2 12
2.81513026052 174 1 10
2.81663326653 143 3 13
2.81813627255 145 1 13
2.81963927856 137 3 11
2.82114228457 149 1 12
2.82264529058 143 1 6
2.82414829659 155 2 9
2.82565130261 137 1 18
2.82715430862 166 2 17
2.82865731463 132 4 13
2.83016032064 190 4 12
2.83166332665 149 1 2
2.83316633267 164 0 12
2.83466933868 145 2 5
2.83617234469 155 1 11
2.8376753507 129 2 6
2.83917835671 168 2 9
2.84068136273 126 0 8
2.84218436874 149 0 10
2.84368737475 136 1 4
2.84519038076 157 2 9
2.84669338677 154 1 9
2.84819639279 157 3 5
2.8496993988 130 2 11
2.85120240481 134 0 7
2.85270541082 154 1 11
2.85420841683 149 2 14
2.85571142285 158 3 9
2.85721442886 161 3 7
2.85871743487 133 0 10
2.86022044088 156 3 7
2.86172344689 151 2 8
2.86322645291 153 0 6
2.86472945892 172 2 8
2.86623246493 161 1 6
2.86773547094 160 2 4
2.86923847695 159 2 5
2.87074148297 132 1 10
2.87224448898 173 2 10
2.87374749499 151 4 6
2.875250501 169 2 7
2.87675350701 167 1 4
2.87825651303 131 4 10
2.87975951904 149 4 4
2.88126252505 151 1 4
2.88276553106 156 2 8
2.88426853707 144 4 9
2.88577154309 162 4 7
2.8872745491 149 1 2
2.88877755511 150 0 6
2.89028056112 163 1 7
2.89178356713 127 1 4
2.89328657315 144 1 6
2.89478957916 162 1 4
2.89629258517 162 2 7
2.89779559118 167 1 6
2.89929859719 139 3 6
2.90080160321 160 2 5
2.90230460922 176 2 3
2.90380761523 168 2 8
2.90531062124 136 2 9
2.90681362725 177 4 3
2.90831663327 168 0 3
2.90981963928 141 3 2
2.91132264529 132 2 4
2.9128256513 154 2 2
2.91432865731 161 0 4
2.91583166333 144 0 8
2.91733466934 166 4 1
2.91883767535 133 1 3
2.92034068136 151 1 0
2.92184368737 148 0 2
2.92334669339 136 1 5
2.9248496994 141 1 6
2.92635270541 156 2 3
2.92785571142 143 2 1
2.92935871743 147 1 4
2.93086172345 162 2 1
2.93236472946 154 1 4
2.93386773547 125 0 2
2.93537074148 143 1 4
2.93687374749 151 1 2
2.93837675351 139 3 2
2.93987975952 153 2 3
2.94138276553 162 3 3
2.94288577154 155 0 5
2.94438877756 172 3 6
2.94589178357 149 1 2
2.94739478958 149 4 0
2.94889779559 170 0 5
2.9504008016 147 5 0
2.95190380762 141 0 1
2.95340681363 142 0 3
2.95490981964 141 3 0
2.95641282565 173 0 4
2.95791583166 162 2 2
2.95941883768 137 3 4
2.96092184369 152 4 3
2.9624248497 160 3 2
2.96392785571 140 2 0
2.96543086172 167 1 2
2.96693386774 142 1 1
2.96843687375 155 1 2
2.96993987976 157 1 1
2.97144288577 147 1 1
2.97294589178 151 0 3
2.9744488978 151 4 0
2.97595190381 149 0 5
2.97745490982 152 4 3
2.97895791583 151 1 2
2.98046092184 153 2 3
2.98196392786 145 2 0
2.98346693387 125 1 3
2.98496993988 143 1 2
2.98647294589 144 2 5
2.9879759519 157 4 8
2.98947895792 157 7 2
2.99098196393 148 3 2
2.99248496994 156 2 1
2.99398797595 154 1 0
2.99549098196 159 0 5
2.99699398798 148 4 1
2.99849699399 3060 29 27
